cik,year,file_name,Topic 0,Topic 1,Topic 2,Topic 3,Topic 4,Topic 5,Topic 6,Topic 7,Topic 8,Topic 9,Topic 10,Topic 11,Topic 12,Topic 13,Topic 14,Topic 15,Topic 16,Topic 17,Topic 18,Topic 19
1750,2016,1750_000104746916014299_a2228768z10-k.htm.txt,0.03191538,0.020091325,0.03163525,0.006966355,0.1458044,0.015303093,0.027654523,0.026577016,0.03853012,0.040147863,0.06287439,0.022799248,0.08583466,0.019443415,0.027595108,0.102252975,0.034607634,0.04594327,0.13808727,0.075936705
1800,2016,1800_000104746917000744_a2230875z10-k.htm.txt,0.022048097,0.019123707,0.02517807,0.02032144,0.08324023,0.13343827,0.042402577,0.07944383,0.018701147,0.060589533,0.03929435,0.036280435,0.039895777,0.030066008,0.04349627,0.09910223,0.034021128,0.042886887,0.099231526,0.031238476
2186,2016,2186_000165495417001579_rwc_10k.htm.txt,0.023605572,0.019781029,0.006520392,0.015155661,0.06383062,0.022933006,0.035659555,0.07517472,0.053168315,0.060256097,0.05167782,0.009319951,0.011280276,0.015315304,0.035186183,0.13804038,0.01155596,0.006782488,0.319176,0.025580702
2488,2016,2488_000000248817000043_amd-12312016x10k.htm.txt,0.053825755,0.023985721,0.037050106,0.024023453,0.071376346,0.041871276,0.032964278,0.047877662,0.043811414,0.041190226,0.08827072,0.034514338,0.061207887,0.062280126,0.033441518,0.07798549,0.007000989,0.05600991,0.107331514,0.05398129
2969,2016,2969_000119312516773346_d271291d10k.htm.txt,0.024687042,0.007204032,0.050978325,0.011732819,0.11793413,0.011747771,0.039190874,0.029557843,0.118433036,0.041982375,0.045372766,0.018472636,0.067912,0.022081664,0.08600611,0.10204556,0.008264069,0.045921665,0.11561184,0.03486349
3197,2016,3197_000156459017004264_cece-10k_20161231.htm.txt,0.04688128,0.020497868,0.09648837,0.012844554,0.09945026,0.010055929,0.023500396,0.04052082,0.050943695,0.04365367,0.070843436,0.030152656,0.12748867,0.0247026,0.0518791,0.06197463,0.009350393,0.044869937,0.07526758,0.058634136
3453,2016,3453_000155837017000947_matx-20161231x10k.htm.txt,0.028149301,0.034359362,0.07688393,0.012882441,0.09256481,0.015526457,0.050451282,0.020307949,0.03650735,0.10574953,0.03700294,0.025903877,0.11556333,0.021931464,0.06637193,0.028873427,0.026608909,0.052602515,0.096915185,0.054844018
3499,2016,3499_000000349917000004_alex10k2016.htm.txt,0.05115527,0.017203609,0.00769902,0.01609189,0.09227223,0.012890895,0.030685257,0.04049148,0.02218493,0.0406863,0.012717371,0.026080515,0.034683004,0.03938454,0.026396537,0.02949121,0.01804634,0.07067555,0.36849338,0.04267072
3545,2016,3545_000000354516000188_alco-93016x10k.htm.txt,0.08097714,0.012823962,0.097863935,0.003601356,0.11646921,0.009945497,0.025055075,0.025294272,0.041421175,0.053266477,0.024972498,0.049066287,0.078612655,0.030998148,0.051800247,0.044375952,0.009168055,0.07051597,0.11360373,0.060168374
4127,2016,4127_000000412716000068_fy1610k93016.htm.txt,0.037764467,0.010795111,0.05300157,0.015870554,0.059113566,0.025755925,0.03282494,0.085623994,0.06712695,0.052306443,0.07192595,0.013518939,0.0907116,0.04439531,0.071063496,0.08246072,0.007396662,0.025053615,0.124606155,0.028683987
4904,2016,4904_000000490417000019_aep10klegal20164q.htm.txt,0.028230488,0.019477101,0.05317743,0.06159746,0.014375527,0.018377056,0.026372237,0.051412344,0.1549244,0.10086327,0.05113126,0.026428273,0.0354687,0.025710937,0.026786644,0.060164455,0.011157913,0.055038173,0.10502171,0.074284665
4977,2016,4977_000000497717000064_afl12311610k.htm.txt,0.029465403,0.03540012,0.109480955,0.015468692,0.024318622,0.009687497,0.029309863,0.03352982,0.023684448,0.060879543,0.03343377,0.013853614,0.07786374,0.010134054,0.11069621,0.054241955,0.058826532,0.14693338,0.08868973,0.034102056
5513,2016,5513_000000551317000018_unm12312016-10xk.htm.txt,0.022170799,0.03607665,0.09109757,0.014319445,0.042642117,0.011198807,0.018931113,0.03436228,0.005044189,0.058270264,0.040113118,0.018156713,0.13607012,0.009811443,0.08122706,0.0686069,0.08628943,0.116932794,0.08454489,0.024134314
5981,2016,5981_000156459017003513_avd-10k_20161231.htm.txt,0.04562516,0.02454081,0.1000782,0.007990116,0.076697335,0.028728154,0.025535885,0.035676528,0.042859927,0.10187627,0.019737655,0.05085134,0.09716587,0.043318048,0.047914345,0.0857616,0.014500467,0.040251162,0.03588893,0.07500221
6176,2016,6176_000119312517085559_d300651d10k.htm.txt,0.030120483,0.02452323,0.054147955,0.018327316,0.052663367,0.008932477,0.051444218,0.018346904,0.07496471,0.048548814,0.052878644,0.027575472,0.088735096,0.040358193,0.11301412,0.09480022,0.035750177,0.03398085,0.09632474,0.03456305
6201,2016,6201_000119312517051216_d286458d10k.htm.txt,0.047927376,0.028043509,0.04344022,0.013011788,0.08393594,0.008472324,0.0458647,0.03821023,0.04429976,0.08484762,0.040122457,0.025441552,0.039970294,0.029329073,0.046146423,0.066569924,0.029092494,0.05201792,0.18765393,0.04560244
6951,2016,6951_000000695116000068_amat10302016-10k.htm.txt,0.018306889,0.020259926,0.07063889,0.011819191,0.07831888,0.014420957,0.019258877,0.06159192,0.07543796,0.028050728,0.08534039,0.020300327,0.10233028,0.083526485,0.07242829,0.07939252,0.007977756,0.04064894,0.07487748,0.035073295
7332,2016,7332_000000733217000009_swn20161231x10k.htm.txt,0.04725648,0.027686438,0.041019563,0.014085895,0.10379319,0.017393388,0.021577096,0.03688933,0.14649095,0.086250596,0.036988463,0.02965692,0.08225667,0.021601813,0.043120105,0.0447295,0.008509351,0.060622867,0.099604145,0.030467246
7536,2016,7536_000166635917000005_arw1231201610-k.htm.txt,0.0328986,0.017560827,0.10252737,0.023063874,0.032101646,0.01327192,0.0330433,0.04436124,0.031237686,0.056837734,0.06026282,0.032786556,0.137303,0.028487924,0.05782476,0.057102267,0.010802777,0.050164513,0.1108534,0.06750779
7623,2016,7623_000143774917001528_artw20161017_10k.htm.txt,0.052012645,0.049920887,0.06868399,0.011233216,0.07427372,0.02659781,0.06643095,0.04111764,0.07477749,0.01670367,0.07089413,0.056713156,0.037949685,0.02993186,0.022495983,0.10269901,0.010573204,0.06939847,0.027105426,0.09048708
8063,2016,8063_000000806317000004_atro-20161231x10k.htm.txt,0.034796327,0.028478216,0.05854827,0.02115384,0.07800862,0.017971164,0.024638504,0.052725643,0.030024609,0.04564007,0.04497994,0.022235686,0.16713849,0.04436786,0.042658027,0.0787571,0.012269644,0.05642512,0.08227866,0.05690423
8146,2016,8146_000119312517114309_d313601d10k.htm.txt,0.026452376,0.021219827,0.04056443,0.027595975,0.11012695,0.026617274,0.037289,0.06912869,0.05622581,0.032113373,0.09376126,0.026470331,0.046306957,0.016697135,0.04187029,0.120333426,0.005626597,0.03616907,0.113012075,0.052419126
8858,2016,8858_000000885816000038_avt-20160702x10k.htm.txt,0.035016958,0.018903056,0.045311328,0.014644422,0.12852328,0.007100321,0.02069113,0.033730913,0.025704823,0.0819038,0.074099414,0.018997908,0.113063805,0.01015457,0.10861719,0.06120262,0.011256791,0.048684362,0.08513454,0.057258803
8868,2016,8868_000000886817000009_a2016form10-k.htm.txt,0.04696412,0.022878377,0.07121569,0.010168518,0.10064817,0.013252382,0.05263707,0.040381197,0.022285562,0.040531777,0.04043265,0.020854576,0.067162804,0.016986916,0.13752887,0.092234075,0.017456276,0.05425744,0.09868384,0.033439692
8947,2016,8947_000000894717000050_azz201722810k.htm.txt,0.048274036,0.03478412,0.06462124,0.014077586,0.06816033,0.007212543,0.022286031,0.04461872,0.061438065,0.03851806,0.05861147,0.02691255,0.09165446,0.01615478,0.09263954,0.042002276,0.008072141,0.054389063,0.1265187,0.07905427
9326,2016,9326_000114036117009655_form10k.htm.txt,0.04923877,0.026804283,0.076918304,0.012043382,0.06798996,0.048146248,0.021177372,0.03550823,0.08458442,0.038111884,0.06577173,0.026020663,0.10385332,0.02119763,0.04048016,0.089982875,0.030346874,0.043608595,0.06753377,0.0506815
9984,2016,9984_000000998417000023_b201610k.htm.txt,0.045716688,0.029122237,0.08423821,0.006878285,0.081629634,0.009094132,0.030343512,0.045248836,0.0606591,0.022879766,0.071434915,0.04139014,0.07563864,0.024028206,0.07462513,0.083766714,0.023822293,0.04967205,0.098445594,0.041365895
10254,2016,10254_000156459017004470_este-10k_20161231.htm.txt,0.075093545,0.019774515,0.054415226,0.015262329,0.059813567,0.017693693,0.03136793,0.026551751,0.15190221,0.07270124,0.029750802,0.06358235,0.11657597,0.031089604,0.0539567,0.022425568,0.009030757,0.044939827,0.07782679,0.026245616
10329,2016,10329_000143774917000837_bset20161126_10k.htm.txt,0.04524348,0.021962166,0.078162484,0.011722152,0.076512285,0.008525115,0.05162186,0.025419364,0.05382544,0.019671485,0.06102604,0.038815625,0.12816864,0.014732959,0.046776947,0.123769626,0.012796882,0.046604887,0.051706146,0.08293644
10456,2016,10456_000156459017002240_bax-10k_20161231.htm.txt,0.04174017,0.017059514,0.060975775,0.0171449,0.09153524,0.047813267,0.031975724,0.04796596,0.02566292,0.057207018,0.045031156,0.04115535,0.075370654,0.025676342,0.09946022,0.054237988,0.026299598,0.060158398,0.07801688,0.055512916
12040,2016,12040_000117494716003557_form10k-16670_flan.htm.txt,0.029027872,0.031774946,0.01212019,0.022535596,0.07087373,0.0130821,0.0453472,0.04908243,0.047793142,0.07780645,0.028992642,0.040496394,0.015649227,0.04167669,0.003538162,0.09834873,0.03391143,0.056309957,0.23007141,0.051561713
12208,2016,12208_000001220817000012_a10k123116.htm.txt,0.030873286,0.013108461,0.09893014,0.016076732,0.05132612,0.054832134,0.03966344,0.0294046,0.025870504,0.09946463,0.05005757,0.021084443,0.10707546,0.026262652,0.087261155,0.0565393,0.017695898,0.038361344,0.10197548,0.03413663
14177,2016,14177_000143774917000650_brid20160824_10k.htm.txt,0.046464097,0.025102103,0.11395376,0.02009649,0.08972472,0.021976553,0.027095808,0.044091914,0.070949435,0.06281651,0.05950297,0.011515813,0.057435106,0.007319652,0.062012646,0.116024844,0.023878902,0.018730307,0.08406474,0.037243586
14272,2016,14272_000001427217000047_bmy-20161231x10xk.htm.txt,0.032429144,0.014125695,0.053626865,0.022598092,0.035154458,0.15086825,0.04126861,0.044571925,0.02629907,0.07422395,0.036671102,0.029461207,0.07413533,0.05928828,0.06030026,0.07316198,0.016707914,0.030199863,0.05634452,0.068563454
14693,2016,14693_000001469316000160_bfb-2016430x10k.htm.txt,0.046067044,0.016523466,0.059721418,0.013453864,0.074361615,0.023797281,0.07843264,0.07294463,0.0404459,0.034789104,0.04726337,0.014199357,0.059307583,0.01767291,0.07334616,0.16315338,0.015117207,0.03446336,0.10443195,0.010507762
14707,2016,14707_000001470717000010_cal2017012810-k.htm.txt,0.052561212,0.026744217,0.07650346,0.01073649,0.068024345,0.013519455,0.03870722,0.03886859,0.0413203,0.025116041,0.046282563,0.029843919,0.11538404,0.017534785,0.060549468,0.15607598,0.01745404,0.039095126,0.07619136,0.049487375
14846,2016,14846_000001484616000062_brtrealty10-k2016.htm.txt,0.05524917,0.025968319,0.06242298,0.006227556,0.09734141,0.008978206,0.016978882,0.034849457,0.006983426,0.03903094,0.01549028,0.04233603,0.10371828,0.11970408,0.048740108,0.02462272,0.015627706,0.14400044,0.09970006,0.032029912
15357,2016,15357_000157104916018390_t1600579_10k.htm.txt,0.051616635,0.01416211,0.041432954,0.003893845,0.21060811,5.78E-05,0.0531686,0.011683655,0.060755745,0.010125433,0.02284246,0.07025973,0.041469358,0.001081754,0.0488371,0.20225827,0.007848773,0.014218185,0.04889721,0.08478227
15615,2016,15615_000001561517000007_mtz12311610-k.htm.txt,0.04486198,0.02924612,0.0666486,0.016271176,0.05247115,0.008371915,0.025834514,0.038580667,0.082208954,0.047596455,0.07247629,0.012880562,0.100822404,0.013848158,0.055625502,0.039209533,0.019858846,0.05312451,0.13262784,0.08743486
15847,2016,15847_000001584716000069_form10k.htm.txt,0.05465579,0.0315275,0.094954155,0.018755024,0.046070714,0.03877675,0.04393183,0.042998943,0.043828048,0.09214327,0.089706905,0.053090345,0.047490526,0.024425767,0.028411506,0.04015274,0.025892377,0.022717377,0.091833115,0.06863733
16040,2016,16040_000156459016029604_cbt-10k_20160930.htm.txt,0.028042383,0.009936032,0.05893095,0.009475268,0.11791477,0.013859244,0.040268585,0.025381386,0.082343794,0.043027002,0.046047132,0.028522657,0.1271217,0.02764775,0.09958479,0.07665598,0.015991807,0.046656515,0.0629821,0.039610125
16058,2016,16058_000156459016024672_caci-10k_20160630.htm.txt,0.050002284,0.031033428,0.065607674,0.028557125,0.07980742,0.014866341,0.02632375,0.03821826,0.00958457,0.08828626,0.09262476,0.027973065,0.075972825,0.021777388,0.02866629,0.026086574,0.021592123,0.05414182,0.10255506,0.11632298
16732,2016,16732_000001673216000146_cpb-7312016x10xk.htm.txt,0.021277582,0.010067088,0.09214921,0.008210933,0.103536956,0.01836353,0.02765913,0.052631866,0.0526023,0.026698556,0.05863488,0.012206383,0.11540867,0.020377785,0.09091598,0.10354097,0.023560071,0.05243036,0.08228516,0.027442643
17843,2016,17843_000001784316000094_crs630201610k.htm.txt,0.019916011,0.026559666,0.0871715,0.007992265,0.105275564,0.011557502,0.0214253,0.022467284,0.082550265,0.035965525,0.043209977,0.012226748,0.113893755,0.02218875,0.08888463,0.09521411,0.017899374,0.03794473,0.12052218,0.02713489
18255,2016,18255_000001825517000017_cato10k2016.htm.txt,0.025759397,0.021071373,0.014136356,0.022237685,0.105378516,0.011386387,0.035590835,0.03857955,0.04425666,0.03604488,0.03716154,0.005286501,0.028685695,0.006493441,0.020257192,0.14048928,0.010739098,0.0149287,0.3550606,0.026456315
18349,2016,18349_000001834917000003_snv-12312016x10k.htm.txt,0.060369227,0.060514465,0.07086326,0.016351128,0.042955883,0.010017497,0.008109624,0.034618415,0.009361731,0.09618635,0.0552266,0.008970342,0.11054302,0.01149709,0.053155374,0.037132703,0.010607747,0.18732108,0.08366979,0.032528713
18498,2016,18498_000001849817000009_gcofy201710-k.htm.txt,0.029967532,0.032061886,0.06922501,0.014210853,0.14494929,0.010786869,0.042098872,0.016212437,0.039441153,0.03863861,0.031123092,0.048859768,0.10376639,0.022626227,0.07465844,0.108097345,0.014812766,0.031940803,0.0755071,0.051015563
18926,2016,18926_000001892617000013_ctl2016123110k.htm.txt,0.034309138,0.024617199,0.06818887,0.04273597,0.054397788,0.012340309,0.037674744,0.06640481,0.013377184,0.06774843,0.0880412,0.013463321,0.075771496,0.024848683,0.048613917,0.053091515,0.024192145,0.057730656,0.111767404,0.0806852
19584,2016,19584_000115752317000638_a51512436.htm.txt,0.025470091,0.015886208,0.03477746,0.032240786,0.01797948,0.053678997,0.04044481,0.050667692,0.009551475,0.22985439,0.04977608,0.032103848,0.00857836,0.020321636,0.009333712,0.015013539,0.10977874,0.033106163,0.13481194,0.07662458
19617,2016,19617_000001961717000314_corp10k2016.htm.txt,0.043750815,0.047703523,0.07583404,0.013913148,0.043920714,0.009475973,0.020230813,0.013760838,0.00984252,0.081008926,0.12745054,0.007841931,0.0865256,0.022053394,0.068346664,0.05062364,0.012221883,0.15892567,0.07606095,0.030508429
19745,2016,19745_000162828017001844_cpk1231201610-k.htm.txt,0.038101774,0.021106465,0.064561285,0.017181842,0.06970025,0.015320581,0.01840963,0.026327398,0.17136185,0.05087286,0.029152943,0.03581563,0.05071377,0.012478838,0.050648347,0.083636604,0.009561114,0.05797616,0.10287231,0.074200325
19871,2016,19871_000119312517089303_d202002d10k.htm.txt,0.031807493,0.019375315,0.031442583,0.002099042,0.101325415,0.003091388,0.04365446,0.08161134,0.09671911,0.03588202,0.076969475,0.02643625,0.001818411,0.011463893,0.01805977,0.16039024,0.01222195,0.010615256,0.22553921,0.009477316
20212,2016,20212_000002021217000008_chdn2016123110k.htm.txt,0.03586916,0.03665422,0.03696057,0.016013447,0.10991666,0.018155688,0.040691245,0.0583037,0.025731068,0.09975755,0.07237303,0.02603223,0.07783803,0.043824352,0.032649424,0.041421607,0.014641358,0.037172385,0.11924817,0.056746144
20520,2016,20520_000002052017000003_ftr-20161231x10k.htm.txt,0.06284114,0.031549133,0.047715377,0.038240768,0.08665036,0.015330704,0.04650306,0.04332651,0.014415299,0.06751131,0.08297529,0.03650501,0.07586225,0.01341016,0.035960786,0.041778594,0.015791144,0.08967304,0.078618884,0.07534119
21076,2016,21076_000120677416006893_clorox3118951_1-10k.htm.txt,0.025164532,0.005252222,0.008770818,0.022457283,0.015859006,0.023552777,0.027523521,0.10340905,0.027607001,0.045229573,0.043492176,0.071333624,0.008403356,0.023605742,0.011110621,0.14203654,0.01520879,0.01606017,0.35144454,0.012478683
21175,2016,21175_000002117517000040_cna2016q4.htm.txt,0.018269956,0.036042,0.0829864,0.011527878,0.07334154,0.010548474,0.015075266,0.026410483,0.00641185,0.046712864,0.037440017,0.013979421,0.15159355,0.024998056,0.07606813,0.03880324,0.08567128,0.08909397,0.100583784,0.05444181
21535,2016,21535_000143774917003675_cohu20161224_10k.htm.txt,0.03492026,0.017187566,0.06605017,0.010698136,0.06955526,0.027847825,0.025847761,0.061309706,0.072748005,0.029944064,0.058301263,0.017499056,0.12397191,0.01649728,0.0911446,0.072675094,0.006250775,0.032555625,0.11196305,0.05303258
21665,2016,21665_000002166517000002_cl-12312016x10k.htm.txt,0.035416357,0.016514244,0.098655745,0.011391051,0.08836902,0.012363866,0.035081286,0.040488467,0.028536804,0.06819879,0.03307883,0.021662345,0.05667547,0.028477935,0.11059127,0.12863287,0.02679178,0.042867936,0.08389315,0.03231278
22356,2016,22356_000002235617000009_cbsh1231201610k.htm.txt,0.023886815,0.050755877,0.076600514,0.013609416,0.11845755,0.006307375,0.011895629,0.018140728,0.009394353,0.042168386,0.037336648,0.013714341,0.119395114,0.010671692,0.049725413,0.056015406,0.009620249,0.24955463,0.040488914,0.042260945
22701,2016,22701_000089710117000402_csi170730_10k.htm.txt,0.029140608,0.009820869,0.016753368,0.047872998,0.06820551,0.04612966,0.0532696,0.11743133,0.032217924,0.018175067,0.17110552,0.021617172,0.029520636,0.013944501,0.028387574,0.18894377,0.00530564,0.002951216,0.087560005,0.011646996
23197,2016,23197_000002319716000074_cmtl0731201610k.htm.txt,0.028078629,0.02785727,0.053095654,0.03362216,0.055730853,0.02683042,0.04563557,0.06252025,0.03300772,0.07090358,0.099682175,0.015872128,0.07492783,0.038897533,0.04013984,0.063829854,0.013580209,0.027786786,0.1270547,0.06094684
23217,2016,23217_000162828016017613_cag-2016x10k.htm.txt,0.03240668,0.0146577,0.069427915,0.005773616,0.08357523,0.028440299,0.029917963,0.025055999,0.062362283,0.045072164,0.03202058,0.034420326,0.14767012,0.02781274,0.07029885,0.0767438,0.017238593,0.04971555,0.10901629,0.038373306
23795,2016,23795_000155837017001013_cto-20161231x10k.htm.txt,0.12507273,0.019553963,0.04255999,0.003781449,0.13598944,0.010151331,0.04223875,0.014929458,0.022869773,0.051395398,0.011682271,0.048098743,0.06849984,0.053941075,0.03249692,0.030227482,0.010432621,0.12560754,0.059613742,0.09085753
24545,2016,24545_000002454517000005_tap2016123110-k.htm.txt,0.04624958,0.015645472,0.09548794,0.007294952,0.07147557,0.009306674,0.061101776,0.036272667,0.03719139,0.037220687,0.03668019,0.025126908,0.110383466,0.028374784,0.08662333,0.10051267,0.011468138,0.06011523,0.08798505,0.035483535
25232,2016,25232_000002523217000006_form10-kdecember3120164q16.htm.txt,0.090543166,0.028132081,0.09643549,0.004697305,0.053006776,0.014256295,0.023438178,0.038574416,0.014506462,0.036803007,0.020740168,0.016519822,0.10991031,0.059458762,0.052026764,0.020483363,0.010680415,0.0950919,0.12872247,0.08597287
25445,2016,25445_000162828017001848_cr-20161231x10k.htm.txt,0.020595564,0.013779802,0.08052162,0.011871739,0.08761176,0.018166497,0.031204117,0.032274943,0.038514838,0.07705239,0.045303773,0.019989409,0.14126116,0.034151893,0.07271211,0.08226765,0.02619387,0.044033118,0.08412662,0.038367134
25743,2016,25743_000138713117001111_txmd-10k_123116.htm.txt,0.0458162,0.018205551,0.05474487,0.020188613,0.04610325,0.25341168,0.023350865,0.050864708,0.020141298,0.09466759,0.033565454,0.021361945,0.046709187,0.047898754,0.012528677,0.050351843,0.030421352,0.013651904,0.076945245,0.039070975
25895,2016,25895_000143774917011232_crws20170402_10k.htm.txt,0.04688046,0.023152571,0.12644078,0.005756652,0.068248995,0.02024952,0.013497084,0.014611015,0.012706541,0.03074039,0.022309572,0.050126728,0.12384775,0.0254597,0.12910023,0.07653827,0.013658527,0.031577148,0.08165142,0.08344664
26172,2016,26172_000002617217000007_cmi2016final10-kdocument.htm.txt,0.02363763,0.018426374,0.073014,0.026155617,0.090161525,0.015212086,0.054868713,0.03310649,0.06595173,0.04268351,0.06103459,0.014029786,0.07554964,0.032269627,0.099230565,0.10806461,0.016719216,0.047024667,0.06737916,0.03548045
26324,2016,26324_000002632417000003_a20161231-10k.htm.txt,0.03431496,0.018497143,0.071930654,0.01765886,0.081319116,0.01573246,0.033882223,0.045742784,0.05405758,0.04118097,0.05865768,0.013510803,0.10064516,0.033124276,0.054577596,0.0795524,0.027122729,0.03859388,0.11000443,0.069894284
26780,2016,26780_000002678017000004_dan-20161231x10k.htm.txt,0.022335446,0.017507125,0.10242333,0.008853748,0.0749516,0.010968178,0.03779937,0.03309744,0.05404082,0.030262303,0.044748195,0.016640373,0.11568403,0.021299213,0.10871779,0.11698889,0.01865212,0.056490425,0.07156328,0.036976337
27419,2016,27419_000002741917000008_tgt-20170128x10k.htm.txt,0.02545857,0.05469184,0.0720129,0.043166693,0.04889952,0.016282246,0.035716824,0.046587985,0.027552573,0.04723471,0.06417619,0.013349759,0.049484495,0.030395744,0.06920369,0.08508997,0.029385684,0.067264244,0.114796035,0.05925035
27673,2016,27673_000155837016010562_jdcc-20161031x10k.htm.txt,0.02003607,0.045157496,0.064791664,0.014027748,0.101941645,0.038411863,0.025601506,0.015270363,0.048966635,0.06515213,0.015106307,0.008992416,0.05121893,0.008462102,0.07724777,0.05131282,0.010965547,0.13619834,0.08860783,0.11253085
27904,2016,27904_000002790417000004_dal1231201610k.htm.txt,0.048960414,0.034282286,0.044018034,0.014487199,0.056598406,0.015031622,0.059583813,0.033002682,0.065471895,0.05020479,0.05444055,0.019045778,0.08651873,0.039017487,0.051998645,0.070491575,0.02552333,0.064413965,0.10476033,0.062148485
27996,2016,27996_000002799617000028_a2016123110-k.htm.txt,0.019399026,0.0252997,0.06842692,0.027880356,0.066676624,0.009247054,0.023412988,0.051994223,0.027035046,0.03137476,0.120437324,0.025468621,0.13607392,0.0177134,0.043294393,0.090640835,0.019655703,0.036016997,0.091824904,0.068127185
28412,2016,28412_000002841217000048_cma-2016form10k.htm.txt,0.031862054,0.067214094,0.09841087,0.009208579,0.078160636,0.013303062,0.018915646,0.019272018,0.017209232,0.07433362,0.04839053,0.011642094,0.11236006,0.008408993,0.06310748,0.031246662,0.018248841,0.1735443,0.0762472,0.028914059
29002,2016,29002_000156459017002599_diod-10k_20161231.htm.txt,0.04624505,0.024760256,0.064721696,0.017804248,0.06921206,0.016844152,0.039435625,0.055648666,0.058072276,0.036218937,0.07418409,0.020323595,0.06989225,0.02727043,0.07005021,0.07426393,0.007536205,0.057130054,0.13912743,0.03125882
29534,2016,29534_000155837017002116_dg-20170203x10k.htm.txt,0.05478021,0.026745928,0.07525791,0.015625462,0.06547373,0.013662397,0.026816165,0.052712012,0.031127458,0.06817019,0.03851833,0.039438397,0.08609339,0.01422122,0.04526478,0.1078504,0.020595727,0.055596344,0.11425768,0.04779227
29989,2016,29989_000002998917000004_a201610-k.htm.txt,0.03642558,0.019105999,0.08192402,0.013452186,0.041799296,0.005309948,0.064523,0.03490242,0.012462193,0.034384113,0.10151506,0.012230231,0.12394084,0.005831752,0.094440915,0.060122013,0.012911098,0.06832354,0.11316643,0.0632294
30305,2016,30305_000162828017002221_dco10-k2016.htm.txt,0.026044056,0.018473305,0.10859437,0.015698653,0.082380004,0.016779399,0.02231261,0.034162518,0.042481344,0.05255742,0.0578574,0.009785674,0.14065677,0.015384985,0.047401264,0.056260217,0.015920324,0.053029243,0.11096754,0.07325289
30625,2016,30625_000003062517000046_fls12312016financialstatem.htm.txt,0.017262138,0.014573482,0.095516846,0.016432999,0.0764623,0.009962734,0.03269571,0.06566138,0.05936672,0.03415286,0.100093044,0.012501091,0.08951834,0.02108206,0.06930826,0.082257934,0.025288878,0.042932272,0.0910244,0.043906502
31235,2016,31235_000156459017003570_kodk-10k_20161231.htm.txt,0.06117289,0.038701825,0.0591474,0.010910818,0.088711105,0.013453026,0.020838821,0.050186545,0.052020464,0.029489782,0.08367985,0.040957473,0.07449263,0.0416344,0.049899712,0.072317004,0.010552633,0.069486134,0.088646956,0.043700516
31462,2016,31462_000155837017000944_ecl-20161231x10k.htm.txt,0.033036187,0.008795093,0.06381901,0.009634001,0.08134708,0.019159647,0.047964577,0.024849335,0.08058556,0.08554127,0.067151666,0.023146199,0.08046673,0.025266793,0.11764635,0.058811948,0.022707827,0.05203088,0.06111329,0.036926564
32604,2016,32604_000003260416000105_emr930201610-k.htm.txt,0.047704194,0.02686557,0.069359675,0.03618888,0.09165475,0.008264095,0.037745498,0.03646675,0.07711651,0.023174465,0.10421901,0.015155931,0.06900097,0.015360802,0.08357791,0.10524848,0.007878346,0.047751095,0.07093077,0.026336271
32621,2016,32621_000156459017012978_msn-10k_20170331.htm.txt,0.04097749,0.02642326,0.09142773,0.016375681,0.055721655,0.017746763,0.028083982,0.04827668,0.02941083,0.031887043,0.047747117,0.04760322,0.061619096,0.04260839,0.035253603,0.11785415,0.010783831,0.024775209,0.1270891,0.09833514
33002,2016,33002_000119312517168434_d353204d10k.htm.txt,0.034774307,0.029180976,0.055406317,0.012385546,0.120657146,0.011972969,0.031051453,0.07629652,0.05394948,0.03414569,0.04642988,0.024488155,0.09188003,0.006006024,0.0155493,0.11297351,0.021519069,0.028729036,0.1518764,0.040728204
33213,2016,33213_000003321317000003_eqt-12312016x10k.htm.txt,0.047798462,0.034130085,0.061486393,0.012479572,0.07611108,0.01244479,0.01591386,0.02367482,0.135892,0.05839242,0.035194136,0.037998695,0.11676098,0.0253017,0.08463335,0.04820094,0.006186631,0.05082553,0.06685584,0.049718708
33533,2016,33533_000117494716003138_form10k-16338_esp.htm.txt,0.030461365,0.013910782,0.038856167,0.014290461,0.12754351,0.015794978,0.04023795,0.083177544,0.06935315,0.023117077,0.068095826,0.014398971,0.02667678,0.003922489,0.062828355,0.13548714,0.020510303,0.044887878,0.08045188,0.085997365
34285,2016,34285_000107997417000088_reliability10k_12312016.htm.txt,0.16777813,0.016901962,0.13540338,0.006423232,0.015674865,0.028692888,0.035006594,0.099938646,0.001598545,0.08087251,0.042794805,0.040033452,0.038858186,0.009251307,0.032496676,0.016018642,0.000858916,0.025889315,0.18667147,0.018836465
34563,2016,34563_000003456316000127_farm-2016630x10k.htm.txt,0.055382542,0.022261558,0.098266646,0.008453313,0.081491746,0.027022554,0.023606123,0.04801694,0.068892084,0.038869053,0.03768387,0.024451086,0.090973064,0.021280652,0.06553641,0.08552544,0.032470293,0.031859435,0.082839146,0.055118084
34903,2016,34903_000003490317000008_frt-1231201610k.htm.txt,0.051750463,0.026731858,0.07451527,0.007747052,0.078329965,0.014183679,0.021326758,0.04068478,0.02258829,0.047380555,0.026743345,0.012515398,0.09287205,0.057722706,0.054338906,0.034368373,0.019765243,0.11348687,0.10430918,0.09863925
36029,2016,36029_000119312517047421_d292013d10k.htm.txt,0.04501028,0.061353065,0.043078713,0.015039564,0.047795806,0.007356054,0.024843069,0.060277518,0.013035564,0.090040445,0.05089521,0.014906736,0.07100539,0.01896313,0.025017904,0.034237888,0.010564256,0.1595866,0.1817308,0.025262026
36104,2016,36104_000119312517053947_d291857d10k.htm.txt,0.026465988,0.10781055,0.048145887,0.016777938,2.48E-05,0.027449071,0.04517101,0.025713654,0.006649379,0.22729097,0.05556534,0.09580717,0.022843445,0.008074145,0.016523644,0.020090934,0.022439536,0.11279609,0.08311556,0.031244827
36146,2016,36146_000156459017001916_trmk-10k_20161231.htm.txt,0.03260283,0.043132752,0.0843906,0.010688133,0.111048184,0.009522072,0.020565482,0.020182827,0.012246153,0.06350241,0.025237652,0.012659726,0.14682092,0.019169653,0.045025185,0.04134449,0.016927497,0.18369833,0.05052027,0.050714858
36270,2016,36270_000156459017002016_mtb-10k_20161231.htm.txt,0.041288506,0.042055354,0.09401637,0.010852065,0.093081795,0.00961321,0.019467974,0.013712646,0.004501429,0.065513134,0.025400456,0.023537379,0.11565651,0.013195571,0.05312805,0.02406305,0.015713263,0.24151324,0.046556428,0.04713357
37785,2016,37785_000003778517000011_fmc201610k.htm.txt,0.01119954,0.018148327,0.09192686,0.009053315,0.08497799,0.018930709,0.036830127,0.04318685,0.058315802,0.06706304,0.050314605,0.020199556,0.09677886,0.028082395,0.09129048,0.07609225,0.017266504,0.044971004,0.07853135,0.05684042
37808,2016,37808_000119312517053369_d280128d10k.htm.txt,0.047422696,0.046342943,0.03404406,0.016890857,0.07280419,0.011555092,0.014631559,0.067109056,0.010153343,0.091006204,0.06726911,0.015606242,0.0684578,0.010671743,0.031229058,0.0514772,0.016023755,0.16200313,0.13472874,0.030573191
38264,2016,38264_000100329716000907_forward10k.htm.txt,0.0559391,0.019434327,0.0813792,0.006746439,0.06996472,0.02195853,0.04114747,0.030610878,0.059321363,0.029137313,0.048839457,0.04851862,0.066029795,0.0160403,0.06416438,0.101822466,0.014337847,0.020609107,0.089490406,0.11450831
38777,2016,38777_000003877716000609_form10k93016.htm.txt,0.054276813,0.017579965,0.047845982,0.024388604,0.055462785,0.011008441,0.043198373,0.0333132,0.009201053,0.11135332,0.06815435,0.012149832,0.08928192,0.015092794,0.06814529,0.06583205,0.011610332,0.12881789,0.08803137,0.04525563
39020,2016,39020_000118518516005052_frequencyele10k043016.htm.txt,0.07274637,0.023345187,0.08123397,0.021316659,0.111256294,0.024418473,0.04071507,0.04284997,0.034057096,0.013779335,0.062123656,0.07034811,0.054805923,0.01708403,0.057646573,0.06665304,0.025912436,0.048672576,0.016399285,0.11463593
39263,2016,39263_000003926317000017_a20161231-10k.htm.txt,0.03351057,0.055458672,0.08067415,0.016709892,0.11454201,0.008460606,0.014263942,0.016009385,0.029406914,0.06919873,0.035964493,0.009984246,0.1007364,0.010893861,0.062929146,0.04194565,0.015301864,0.18313894,0.061211966,0.039658565
39911,2016,39911_000003991117000058_fy201610-k.htm.txt,0.021142084,0.033647835,0.06091714,0.017120909,0.07293864,0.013411133,0.054472387,0.03193025,0.02588039,0.0294283,0.050402813,0.017698605,0.12951593,0.01570736,0.09281089,0.10655234,0.014015949,0.03173047,0.12252796,0.058148555
40211,2016,40211_000004021117000012_gatx20161231-10k.htm.txt,0.027116397,0.015378355,0.048349775,0.006064758,0.08579157,0.004495472,0.05499684,0.011365323,0.044063456,0.073493294,0.027754629,0.035394903,0.11598111,0.031210128,0.06709114,0.0756538,0.015612091,0.082401365,0.100356944,0.077428654
40545,2016,40545_000004054517000010_ge10k2016.htm.txt,0.028883753,0.015637662,0.08088451,0.019871518,0.09948215,0.010308054,0.018499946,0.03156829,0.05109906,0.033506807,0.07696575,0.015044421,0.107158385,0.023178833,0.08707756,0.067979455,0.016340164,0.115194485,0.06312735,0.03819187
40704,2016,40704_000119312516638404_d221637d10k.htm.txt,0.01749496,0.023482664,0.043815088,0.009496349,0.1479205,0.023538087,0.043659866,0.05831191,0.06063426,0.029542813,0.04041298,0.015895393,0.06664221,0.017430527,0.07551709,0.137617,0.014088782,0.043780256,0.11235717,0.018362092
40987,2016,40987_000004098717000007_gpc-12312016x10k.htm.txt,0.033470612,0.026199047,0.08493394,0.023118855,0.0832364,0.008694081,0.07866139,0.04583287,0.09734638,0.015655434,0.06751455,0.038465828,0.06106717,0.017933926,0.04516314,0.11488537,0.024690244,0.043584693,0.055138048,0.034408048
41719,2016,41719_000156459017002406_glt-10k_20161231.htm.txt,0.033148345,0.024498165,0.062463477,0.012835221,0.07899329,0.016793957,0.04395048,0.04171559,0.08365795,0.068849996,0.07646352,0.029707078,0.061090056,0.017329665,0.10716085,0.07381838,0.005638108,0.0423452,0.1048442,0.014696478
42582,2016,42582_000156459017001142_gt-q4201610k.htm.txt,0.039521966,0.02988818,0.06459783,0.006120652,0.13584293,0.013555434,0.054462545,0.028929783,0.05408321,0.048078097,0.020110274,0.019971756,0.04892274,0.02411492,0.115141004,0.06667594,0.02153411,0.07274399,0.090831004,0.04487366
42682,2016,42682_000119312517069091_d293898d10k.htm.txt,0.012558101,0.014083457,0.069673255,0.016659899,0.116001815,0.000806124,0.044881172,0.06330404,0.06844364,0.03421998,0.052559394,0.015496662,0.11021743,0.01052391,0.044503078,0.14434375,0.017493607,0.022748308,0.10451388,0.036968507
42888,2016,42888_000004288817000006_ggg1230201610-k.htm.txt,0.039698653,0.019904315,0.040198002,0.013027905,0.08188218,0.013232197,0.04887809,0.05818105,0.105491236,0.019509291,0.08331127,0.05977623,0.091454126,0.029024646,0.06824634,0.1046564,0.012669825,0.041306127,0.04764431,0.021907838
43196,2016,43196_000143774917003503_gtn20161231_10k.htm.txt,0.07533964,0.03026104,0.06418211,0.011059777,0.10527394,0.009419389,0.0945574,0.030940246,0.014400777,0.044034563,0.034443647,0.045204602,0.09852489,0.026642777,0.028374504,0.059612244,0.021205297,0.07422117,0.06565389,0.06664811
45012,2016,45012_000004501217000047_hal_12312016-10k.htm.txt,0.028366663,0.009643712,0.074565075,0.014201428,0.037936505,0.012960278,0.058538936,0.019392593,0.079104304,0.09504451,0.056359075,0.017150005,0.08847488,0.022430964,0.077840686,0.07817242,0.008609489,0.040866464,0.13198549,0.048356507
45876,2016,45876_000004587617000006_hsc-201610kxq42016.htm.txt,0.020898398,0.015633544,0.073241435,0.010714982,0.06668855,0.007432959,0.03500343,0.030822158,0.04060165,0.043180875,0.061715752,0.035325035,0.1166962,0.02225473,0.10776711,0.048562385,0.01130518,0.06976628,0.1043219,0.07806743
45919,2016,45919_000004591917000006_hhs-123116x10k.htm.txt,0.09598124,0.027696496,0.09309473,0.027448094,0.028989457,0.022814106,0.016779914,0.056408938,0.012582256,0.05913325,0.11799374,0.082338355,0.062553674,0.023568407,0.033650134,0.043002132,0.022078145,0.033635262,0.09532104,0.04493062
46080,2016,46080_000119312517052143_d317222d10k.htm.txt,0.011880493,0.017712595,0.03027929,0.010182612,0.089192234,0.03370136,0.075352736,0.0711367,0.03690502,0.024826612,0.059949744,0.025058703,0.054297347,0.04123632,0.055790536,0.19775537,0.011528292,0.027443044,0.078495994,0.04727503
46619,2016,46619_000004661916000162_hei1031201610k.htm.txt,0.046681616,0.014087665,0.07190649,0.022326566,0.12476353,0.027393928,0.023378272,0.0330758,0.064444594,0.0316054,0.062447067,0.022608178,0.09130624,0.02125722,0.07133724,0.072644874,0.014012691,0.05992419,0.046529997,0.07826846
46765,2016,46765_000104746916016935_a2230277z10-k.htm.txt,0.015594221,0.016100924,0.023607166,0.013076178,0.059664108,0.007977563,0.0465844,0.043604374,0.10570094,0.06055689,0.04466727,0.010846103,0.06427076,0.02049675,0.029872345,0.0799028,0.010068564,0.05264158,0.23811112,0.056655936
48465,2016,48465_000110465916163147_a16-22026_110k.htm.txt,0.03774737,0.034587793,0.04843276,4.64E-05,0.068558715,0.041471213,0.07180727,0.04817002,0.13380589,0.009526491,0.067412555,0.117534965,0.022796003,0.045037936,0.011613042,0.16539855,0.003478041,0.01893674,0.016200941,0.037437305
48898,2016,48898_000162828017001423_hubb-20161231x10k.htm.txt,0.04878161,0.020440111,0.09543533,0.011237234,0.09944546,0.007559696,0.030212963,0.033094496,0.03802769,0.04401509,0.05654671,0.017841542,0.11924939,0.02248622,0.07641374,0.08394395,0.020526784,0.04909933,0.083038695,0.04260392
49600,2016,49600_000004960017000006_egp1231201610k.htm.txt,0.069870204,0.033072773,0.12013681,0.005119439,0.07230505,0.010199795,0.031023338,0.02763118,0.016577326,0.044435013,0.014280178,0.020873455,0.097064525,0.04069195,0.03192531,0.017395232,0.012597911,0.15333104,0.096180454,0.085288994
49754,2016,49754_000004975417000003_din-12312016x10k.htm.txt,0.028602295,0.035406116,0.06445736,0.015681753,0.07772829,0.017531758,0.041408982,0.037927132,0.020192362,0.058417413,0.037997242,0.026966754,0.09061076,0.02676854,0.037983753,0.079346985,0.020020667,0.05164978,0.09918725,0.13211483
50471,2016,50471_000141588916007070_pcyg10k_jun302016.htm.txt,0.06797059,0.017104696,0.063293345,0.03216108,0.075622484,0.030190764,0.02003797,0.08463862,0.04191405,0.025432488,0.1196461,0.04297345,0.052083664,0.026213827,0.026389042,0.049947504,0.012164857,0.024229612,0.11206042,0.07592542
51644,2016,51644_000005164417000007_ipg12311610k.htm.txt,0.045102827,0.023494447,0.07180574,0.008896271,0.07439219,0.009166916,0.053665116,0.036501974,0.010154107,0.04169557,0.101011045,0.016029619,0.10072568,0.009104093,0.12030984,0.067474745,0.015046629,0.054259017,0.06960213,0.071562074
52827,2016,52827_000005282717000004_rayonier201610k.htm.txt,0.057072062,0.019781932,0.07246482,0.004149896,0.08550285,0.02948788,0.04399434,0.047421876,0.035750717,0.057017438,0.050408445,0.037825022,0.06469104,0.043351192,0.06048988,0.0810499,0.008148772,0.098240755,0.06424879,0.038902342
54480,2016,54480_000005448017000007_kcs1231201610k.htm.txt,0.03108534,0.02164255,0.049914837,0.011756629,0.07946969,0.010786716,0.06840615,0.020868504,0.06517959,0.08821523,0.042945463,0.048655342,0.06279605,0.025133757,0.07660673,0.053084493,0.012300323,0.04203836,0.12445395,0.06466031
55067,2016,55067_000162828017001510_k-2016q410xk.htm.txt,0.031130789,0.029095039,0.091848865,0.008545842,0.0782219,0.01340256,0.037526388,0.04562566,0.040760618,0.03146139,0.048387483,0.027490355,0.08038928,0.014635585,0.102006145,0.09937335,0.02045795,0.05368368,0.10915705,0.036800023
55135,2016,55135_000005513517000008_kelya-201711x10k.htm.txt,0.024370052,0.026217803,0.09592584,0.017142555,0.07331884,0.010871146,0.035752088,0.051291637,0.016298214,0.045481957,0.11485566,0.009977059,0.0813308,0.022767713,0.087649785,0.062069263,0.028807405,0.04037754,0.10148404,0.0540106
55242,2016,55242_000005524216000060_kmt630201610k.htm.txt,0.01371271,0.024511794,0.06795735,0.012077706,0.08819364,0.009667754,0.032886226,0.03787065,0.07505016,0.040300146,0.089365155,0.02251269,0.089147165,0.01718241,0.11242668,0.07591535,0.016133225,0.04784201,0.09324134,0.03400586
55785,2016,55785_000005578517000017_kmb_2016xformx10k.htm.txt,0.024832865,0.038854286,0.062427297,0.009985655,0.05374515,0.01545406,0.044164296,0.030347029,0.032947328,0.036028903,0.04668702,0.033729788,0.07050021,0.010473633,0.14432941,0.14700134,0.027950175,0.039340638,0.11476705,0.016433852
56047,2016,56047_000114036117008777_form10k.htm.txt,0.033890173,0.02188508,0.039066177,0.021287521,0.08589852,0.01209439,0.08001477,0.020327562,0.13325164,0.054064464,0.061469,0.07066291,0.046993215,0.016310237,0.025975497,0.11347196,0.010519505,0.035706613,0.04067294,0.07643779
56679,2016,56679_000119312516634657_d194822d10k.htm.txt,0.03529806,0.026569963,0.036202528,0.011314874,0.21391675,0.010631161,0.028875805,0.06901389,0.007996063,0.019049043,0.121193655,0.04143236,0.045929946,0.01924376,0.050647363,0.041020725,0.033427693,0.03925854,0.09636471,0.052613087
56701,2016,56701_000005670116000084_fy201610-k.htm.txt,0.039796606,0.05132843,0.06581849,0.016683705,0.06582926,0.027691074,0.047889326,0.02461885,0.035501603,0.038283125,0.027416313,0.02463783,0.09375065,0.024116926,0.07903369,0.1417276,0.017054312,0.03644811,0.04360704,0.09876707
56868,2016,56868_000119312517126669_d300492d10k.htm.txt,0.023549836,0.025002372,0.026962386,0.020679696,0.039695345,0.014409686,0.042299706,0.058645464,0.20707662,0.11726713,0.03496467,0.01697445,0.04984897,0.027361806,0.015676953,0.039955452,0.009029088,0.052784678,0.15245391,0.025361767
56873,2016,56873_000155837017002198_kr-20170128x10k.htm.txt,0.06321993,0.025967406,0.093137704,0.007972675,0.0939345,0.007423183,0.014556308,0.020444486,0.032216694,0.04857464,0.015606632,0.056494445,0.14456299,0.013043325,0.06088501,0.075159065,0.035062883,0.08938064,0.057878163,0.04447931
57725,2016,57725_000110465916141905_a16-13983_110k.htm.txt,0.061264683,0.022217507,0.057224378,0.01139222,0.08893448,0.13020988,0.021496454,0.053771686,0.025819859,0.07858138,0.031761702,0.057897832,0.075454496,0.038572162,0.027425982,0.055568814,0.023606855,0.0352804,0.049794108,0.053725105
58361,2016,58361_000005836116000078_a10k20169-25x1609252016.htm.txt,0.048343703,0.028252313,0.07684864,0.013380566,0.05658841,0.008508575,0.03342297,0.047452595,0.036829326,0.037020773,0.077972196,0.020039482,0.11127962,0.016254514,0.043338686,0.1119892,0.032269385,0.07865054,0.07746211,0.04409639
