cik,year,file_name,Topic 0,Topic 1,Topic 2,Topic 3,Topic 4,Topic 5,Topic 6,Topic 7,Topic 8,Topic 9,Topic 10,Topic 11,Topic 12,Topic 13,Topic 14,Topic 15,Topic 16,Topic 17,Topic 18,Topic 19
1750,2018,1750_000104746918004978_a2236183z10-k.htm.txt,0.028643161,0.021430507,0.039683737,0.0074165193,0.1181669,0.019809842,0.03246771,0.041685216,0.04948146,0.0575954,0.064217426,0.024091952,0.06853599,0.021460647,0.037690364,0.07450659,0.035237193,0.04942434,0.13083974,0.07761535
1800,2018,1800_000104746919000624_a2237733z10-k.htm.txt,0.016741501,0.017243382,0.031538583,0.024212243,0.09519681,0.124890015,0.04132788,0.068478175,0.015279088,0.06527458,0.043181654,0.020691989,0.037920367,0.025776492,0.051973253,0.11521914,0.038803197,0.038255334,0.09148255,0.036513753
2186,2018,2186_000165495419002033_bkti_10k.htm.txt,0.033480134,0.016280252,0.012107368,0.016210346,0.06802908,0.02294556,0.043277957,0.07009128,0.04607149,0.06441358,0.05497652,0.038582757,0.0071135545,0.017007688,0.034396045,0.12833859,0.009146614,0.004751725,0.28575134,0.027028142
2488,2018,2488_000000248819000011_amd-12292018x10k.htm.txt,0.046009544,0.020477416,0.034540158,0.029313821,0.0428124,0.038220864,0.03630238,0.050243195,0.05015817,0.06796228,0.097333185,0.02862107,0.035282597,0.06505439,0.041484438,0.08161731,0.0066309297,0.044471297,0.12633897,0.057125546
2969,2018,2969_000000296918000044_apd-10xkx30sep2018.htm.txt,0.03208183,0.008728663,0.09763247,0.0125215575,0.09761328,0.010049545,0.038372617,0.02070497,0.08657484,0.054041803,0.031154502,0.013271199,0.11683778,0.020166093,0.11292315,0.06590479,0.011248776,0.044800833,0.07732202,0.048049316
3197,2018,3197_000156459019006619_cece-10k_20181231.htm.txt,0.040166143,0.016540974,0.07875941,0.015751565,0.07786216,0.012924728,0.023532514,0.051940925,0.062871665,0.037340783,0.10009538,0.021816159,0.116647124,0.015639547,0.061648082,0.056375705,0.009523456,0.036870427,0.10303762,0.060655646
3453,2018,3453_000155837019001448_matx-20181231x10k.htm.txt,0.031049281,0.042477243,0.06446783,0.011960138,0.10513377,0.016165653,0.054253493,0.019394446,0.039249163,0.10056409,0.03678981,0.02562383,0.071215145,0.017358417,0.08823648,0.03374993,0.028517388,0.05153303,0.09000415,0.07225667
3499,2018,3499_000000349919000004_alx10-k123118.htm.txt,0.06309485,0.0225367,0.048798688,0.01983707,0.06241269,0.0094724735,0.033999953,0.02867661,0.019038105,0.089677535,0.012815971,0.025604464,0.069758765,0.05624825,0.050384685,0.023002015,0.025985653,0.09575888,0.1568,0.086096674
3545,2018,3545_000000354518000108_alco-93018x10k.htm.txt,0.094704986,0.012145801,0.059054453,0.009176785,0.08779827,0.014894856,0.025904993,0.026085677,0.054720666,0.06309165,0.031202376,0.064981736,0.073802456,0.029519752,0.047834028,0.04473367,0.0179715,0.058311183,0.12511079,0.058954403
4127,2018,4127_000000412718000046_fy1810k92818.htm.txt,0.03366216,0.0088625,0.067421705,0.019909566,0.049603462,0.025803758,0.035148855,0.080471106,0.06525784,0.052741528,0.06984465,0.012439895,0.094180115,0.04616699,0.07067388,0.07777559,0.0067541115,0.024610078,0.12276722,0.035905007
4904,2018,4904_000000490419000009_aep10klegal20184q.htm.txt,0.033175837,0.024448333,0.054135293,0.05984696,0.017676283,0.019102136,0.02759319,0.04662057,0.15962128,0.097266555,0.05043999,0.025362317,0.03087805,0.026013177,0.019104492,0.04659315,0.00999322,0.070783496,0.10200044,0.07934522
4977,2018,4977_000000497719000049_afl12311810k.htm.txt,0.034848724,0.033601765,0.11535484,0.014736696,0.023199786,0.010576748,0.02199974,0.031108672,0.029163916,0.06922618,0.03195504,0.0251201,0.07505441,0.012677763,0.1313597,0.045203462,0.05105415,0.124332316,0.0792081,0.040217876
5513,2018,5513_000000551319000004_unm12312018-10xk.htm.txt,0.026009155,0.037161518,0.09815658,0.014209727,0.04282119,0.011372891,0.021426523,0.036131855,0.0035293547,0.05702766,0.041750543,0.019530827,0.13341227,0.011167379,0.08259771,0.063968614,0.08402587,0.10553359,0.08460528,0.025561482
5981,2018,5981_000156459019007329_avd-10k_20181231.htm.txt,0.04919824,0.017793106,0.0664297,0.009447078,0.07843662,0.030663446,0.030952564,0.03371432,0.044285618,0.10138973,0.021283831,0.05241068,0.103909954,0.050448775,0.06540396,0.0890832,0.011386578,0.025527231,0.041092787,0.07714262
6176,2018,6176_000156459019008247_ap-10k_20181231.htm.txt,0.058496192,0.02770756,0.10696981,0.011261501,0.0557846,0.010870128,0.037680566,0.014007198,0.04910041,0.03486164,0.039033923,0.0255314,0.110697225,0.029183684,0.12543787,0.06128478,0.03453448,0.052880306,0.060255833,0.054420862
6201,2018,6201_000000620119000009_a10k123118.htm.txt,0.049663562,0.032450903,0.061040014,0.017769849,0.042060755,0.009051077,0.0528692,0.033047497,0.045693524,0.09044621,0.0437574,0.03784099,0.053516556,0.035402276,0.056960355,0.059243787,0.021705063,0.06453455,0.12498438,0.06796205
6951,2018,6951_000000695118000041_amat1028201810-kq42018.htm.txt,0.019741641,0.017290317,0.08394105,0.012456611,0.056451146,0.01371609,0.0185738,0.06388429,0.06996726,0.03583529,0.08321057,0.02144845,0.1024689,0.08526579,0.08228408,0.075635634,0.007993849,0.03790667,0.0809115,0.031017087
7332,2018,7332_000000733219000010_swn-20181231x10k.htm.txt,0.0407477,0.029521687,0.06510456,0.011230598,0.09265032,0.012957098,0.019662194,0.030741354,0.12270081,0.09497761,0.031761598,0.02213912,0.09678236,0.018746778,0.059136942,0.045260377,0.008902438,0.061804127,0.09338299,0.0417894
7536,2018,7536_000173339119000005_arw1231201810-k.htm.txt,0.025764532,0.01927411,0.08409707,0.021549333,0.034277707,0.014083954,0.02991642,0.051099967,0.036305368,0.060575336,0.06999667,0.0287976,0.1211496,0.01964982,0.078089006,0.057141133,0.010662518,0.04298012,0.1181172,0.0764725
7623,2018,7623_000143774919001882_artw20181130_10k.htm.txt,0.03267729,0.031187072,0.04823613,0.013241945,0.11061316,0.019578109,0.06482278,0.040722262,0.08339138,0.018875368,0.080892876,0.031605594,0.050895765,0.024162743,0.017199501,0.13507642,0.008834931,0.03685278,0.031473126,0.11966081
8063,2018,8063_000000806319000009_atro-20181231.htm.txt,0.03306801,0.02042307,0.0686567,0.023142638,0.09685512,0.015757667,0.024085239,0.043726675,0.02747255,0.04541174,0.03871266,0.024031142,0.13059025,0.052265424,0.044626284,0.0850247,0.010931696,0.041567877,0.07521572,0.0984348
8146,2018,8146_000119312519102788_d662203d10k.htm.txt,0.020379689,0.024175955,0.032296624,0.026359545,0.10961193,0.017090613,0.032927666,0.05844494,0.047929686,0.040026266,0.086390354,0.03496048,0.05943656,0.017860798,0.056076832,0.09911919,0.0046516163,0.043350287,0.14673796,0.04217304
8858,2018,8858_000000885818000047_avt-20180630x10k.htm.txt,0.038011905,0.016197909,0.063287616,0.011718696,0.12589535,0.0081384145,0.022776704,0.03572523,0.02310227,0.08672252,0.058781177,0.013169317,0.12675893,0.0073895957,0.11445809,0.04832455,0.013068157,0.054078814,0.08552673,0.04686801
8868,2018,8868_000000886819000016_a2018form10-k.htm.txt,0.044548668,0.023105761,0.079550296,0.010919821,0.088524714,0.014559964,0.060905244,0.039096165,0.025216239,0.0400258,0.045306493,0.01780689,0.056478564,0.019748151,0.10913956,0.1088419,0.015036795,0.047975242,0.09506816,0.058145538
8947,2018,8947_000000894719000058_azz201922810-k.htm.txt,0.041781142,0.03230125,0.0889823,0.013049043,0.058900636,0.005878287,0.016851189,0.037034377,0.048562717,0.057349797,0.06932648,0.023199948,0.09368884,0.019421281,0.0810427,0.043223564,0.011281258,0.03761286,0.10759049,0.11292181
9326,2018,9326_000162828019002288_bcpc-20181231x10xk.htm.txt,0.025502367,0.022914624,0.087267295,0.011521171,0.04963278,0.04240906,0.022583947,0.042538438,0.0731698,0.054375514,0.064295165,0.019129872,0.103195526,0.020802828,0.08782001,0.08517024,0.022122234,0.036819924,0.06366096,0.065068245
10254,2018,10254_000001025419000038_este-12312018x10kv2.htm.txt,0.04887403,0.021421324,0.057433072,0.013972526,0.036469392,0.014686943,0.028841408,0.028169662,0.16726975,0.1083536,0.02235161,0.042304464,0.107141145,0.033340175,0.04807602,0.021342508,0.007158961,0.036297407,0.12641017,0.030085836
10329,2018,10329_000143774919000960_bset20181124_10k.htm.txt,0.03453603,0.021133032,0.11047278,0.011781372,0.06730725,0.007963339,0.047706705,0.01987594,0.051042795,0.025754964,0.061837286,0.031462424,0.13158558,0.018463306,0.05185216,0.11446859,0.01466023,0.03262424,0.052233253,0.09323871
10456,2018,10456_000156459019003727_bax-10k_20181231.htm.txt,0.041892294,0.015363061,0.06957098,0.017781867,0.09935851,0.04180941,0.029845333,0.043046005,0.026403595,0.06333633,0.042035013,0.03827601,0.1014703,0.02702183,0.09387163,0.046737388,0.02433735,0.038718022,0.08086822,0.058256857
12040,2018,12040_000117494718001531_form10k-21155_flan.htm.txt,0.022285746,0.02795089,0.0066832057,0.026480367,0.078373544,0.011006367,0.05364184,0.044198263,0.051980034,0.0650024,0.039532024,0.04382936,0.010230244,0.04099138,0.0023914329,0.1024365,0.039777104,0.05659387,0.22832139,0.048294023
12208,2018,12208_000001220819000014_a10k123118.htm.txt,0.024109539,0.0149365375,0.079295695,0.01722035,0.056932908,0.054737512,0.041989736,0.03411778,0.027592147,0.086737566,0.05964191,0.016936727,0.101641126,0.022123149,0.101160094,0.056116987,0.017139021,0.028656652,0.11074092,0.048173632
14177,2018,14177_000149315219000765_form10-k.htm.txt,0.012776353,0.012241883,0.03698361,0.015874434,0.12375219,0.023207495,0.025167858,0.06806509,0.116580434,0.04487316,0.08079401,0.008677777,0.023859845,0.0085542835,0.028215999,0.19124565,0.020269157,0.007359571,0.13763912,0.013862072
14272,2018,14272_000001427219000047_bmy-20181231x10xk.htm.txt,0.03557699,0.013023156,0.055962417,0.024077393,0.032208268,0.14909042,0.035553638,0.057208236,0.022921119,0.074678026,0.033197027,0.026296819,0.06896008,0.05235142,0.06682797,0.07181343,0.018512331,0.030066298,0.062178478,0.069496445
14693,2018,14693_000001469318000084_bfb-2018430x10kapril.htm.txt,0.046838976,0.015600482,0.07605039,0.015545819,0.06578396,0.020662365,0.072661415,0.061976224,0.036821324,0.047451712,0.045184366,0.0156206,0.06622746,0.016552208,0.0848351,0.14167239,0.017334232,0.030508103,0.103916414,0.018756457
14707,2018,14707_000001470719000020_cal2019020210-k.htm.txt,0.044931017,0.028668214,0.081867285,0.01094241,0.06051348,0.016779594,0.038287304,0.036489766,0.03965213,0.026381006,0.04506523,0.032797113,0.12503988,0.018814242,0.06372091,0.1482851,0.013807465,0.03952421,0.06956948,0.058864176
14846,2018,14846_000001484618000041_brt-20180930.htm.txt,0.043299332,0.021485949,0.06396236,0.0069079753,0.08003459,0.0059539354,0.017213015,0.03872458,0.0109238,0.051088057,0.022974987,0.03817742,0.08816006,0.131063,0.04439782,0.032309003,0.020640178,0.11945969,0.11779367,0.04543059
15357,2018,15357_000114420418050884_tv503084_10k.htm.txt,0.044209473,0.013403342,0.059263844,0.0028695266,0.24384366,4.7070975e-05,0.04032957,0.020975716,0.047021307,0.017922582,0.016189119,0.07337697,0.037606798,0.0056828824,0.06120972,0.18881322,0.007715131,0.018802127,0.035881598,0.06483634
15615,2018,15615_000001561519000011_mtz12311810-k.htm.txt,0.03954245,0.021684628,0.06074695,0.02392197,0.03590099,0.008822878,0.028018476,0.0466843,0.081797756,0.049816262,0.08119408,0.010082221,0.10109636,0.012470675,0.052038807,0.03575037,0.018026136,0.046785414,0.1416674,0.10395189
15847,2018,15847_000143774918013553_buks20180430_10k.htm.txt,0.06167443,0.0346135,0.0841799,0.008825898,0.049227748,0.022556072,0.030505238,0.034125704,0.05014568,0.07665414,0.07030827,0.027173238,0.055854194,0.020209527,0.032943,0.04043768,0.021255704,0.034456715,0.1603541,0.0844993
16040,2018,16040_000156459018029997_cbt-10k_20180930.htm.txt,0.024880575,0.0076387376,0.06711242,0.008838958,0.101551235,0.015616084,0.040949352,0.02915294,0.085652344,0.050094787,0.044472385,0.02566195,0.11354625,0.027298486,0.11060915,0.08199317,0.012522888,0.046609975,0.06949225,0.03630609
16058,2018,16058_000156459018022021_caci-10k_20180630.htm.txt,0.043610062,0.0325643,0.06432829,0.027480822,0.07272478,0.016012644,0.027044082,0.03855365,0.0093529355,0.099250324,0.091127954,0.025174014,0.06835238,0.024173662,0.031505555,0.025890816,0.023747005,0.053301763,0.10802322,0.11778175
16732,2018,16732_000001673218000062_cpb-7292018x10xk.htm.txt,0.029592434,0.016048292,0.110026725,0.008644105,0.101440236,0.015397694,0.023894807,0.051904466,0.05165015,0.02488817,0.04865011,0.015914626,0.12552947,0.015146995,0.07472144,0.095464855,0.023098527,0.05340818,0.08419307,0.030385666
17843,2018,17843_000001784318000047_crs630201810k.htm.txt,0.014741599,0.023185156,0.09149332,0.009670374,0.09899539,0.013610874,0.022225432,0.025120394,0.07560332,0.04434707,0.048374284,0.016702084,0.100720815,0.020560645,0.11089165,0.09219483,0.01574977,0.03537546,0.11800681,0.022430727
18255,2018,18255_000001825519000010_cato10k2018.htm.txt,0.028486488,0.03090478,0.0098871505,0.02516621,0.11508805,0.009659118,0.03066371,0.03288206,0.04086275,0.037238218,0.034729026,0.0077110557,0.041914474,0.004404634,0.01885865,0.12558241,0.017774751,0.017219832,0.34265664,0.028309975
18349,2018,18349_000001834919000021_snv-12312018x10k.htm.txt,0.04855664,0.060866784,0.06964883,0.021037286,0.046594948,0.008480477,0.009099525,0.04455954,0.00797412,0.10817289,0.053868983,0.006356983,0.09004244,0.010559737,0.05689229,0.028887171,0.01252511,0.16662888,0.11136585,0.037881546
18498,2018,18498_000001849819000016_a2018taxonomygcofy201910-k.htm.txt,0.032483082,0.031200869,0.08396921,0.018575419,0.1162175,0.010915883,0.03793158,0.01957547,0.03382355,0.0620365,0.026127601,0.04212063,0.09563553,0.02175487,0.06739795,0.09518564,0.014823369,0.0341963,0.10826641,0.047762685
18926,2018,18926_000001892619000006_ctl2018123110k.htm.txt,0.03394935,0.024702491,0.06876506,0.045041483,0.042004306,0.010228294,0.038664043,0.05841549,0.014903605,0.07648087,0.09513768,0.019770779,0.08052454,0.02935162,0.052716434,0.048893604,0.018908668,0.06147372,0.1182476,0.061820384
19584,2018,19584_000115752319000468_a51945094.htm.txt,0.018572815,0.013860497,0.023085963,0.039233435,0.020208295,0.06530387,0.033955585,0.06032094,0.011127346,0.21157041,0.05444404,0.02488673,0.0071146367,0.014923558,0.0060137203,0.01835491,0.09902411,0.029540712,0.18548866,0.062969744
19745,2018,19745_000162828019002015_cpk1231201810-k.htm.txt,0.025293449,0.019662647,0.07005264,0.014781219,0.06699192,0.012775228,0.01674726,0.03167159,0.17244317,0.049317904,0.03709861,0.023767518,0.05447776,0.0085322345,0.06320193,0.0773336,0.008874676,0.05008125,0.113040574,0.08385487
19871,2018,19871_000119312519080761_d602165d10k.htm.txt,0.016207127,0.018986624,0.01802557,0.02692409,0.098105915,0.0029611932,0.040222958,0.06662696,0.10228209,0.040397,0.09059822,0.012704648,0.003864347,0.013062646,0.016366133,0.14681625,0.011472029,0.015495609,0.24827622,0.010604338
20212,2018,20212_000002021219000012_chdn2018123110k.htm.txt,0.05272088,0.039616115,0.047932256,0.014169196,0.08746363,0.019222282,0.033495326,0.038547378,0.02652202,0.11561107,0.059533257,0.04811653,0.07310145,0.048258543,0.036546364,0.026793867,0.013784982,0.031506505,0.11913555,0.06792277
20520,2018,20520_000002052019000005_ftr-20181231x10k.htm.txt,0.050149642,0.023718266,0.052205093,0.0318855,0.110037506,0.014072924,0.042143445,0.040783193,0.009497721,0.07801996,0.0827736,0.031176522,0.077789076,0.017739154,0.047770828,0.04451993,0.018522976,0.069310136,0.07595857,0.08192596
21076,2018,21076_000002107618000011_fy18clx10k.htm.txt,0.04392099,0.02019793,0.044894453,0.027512502,0.017638713,0.022295924,0.042242832,0.079818234,0.050901584,0.06581016,0.048203025,0.08776897,0.024647491,0.03383489,0.054078598,0.09399903,0.01427699,0.016814098,0.19439119,0.016752379
21175,2018,21175_000002117519000022_cna2018q4.htm.txt,0.017847098,0.036896158,0.08168969,0.011595279,0.06690455,0.011807549,0.016587332,0.02566341,0.008407503,0.050946884,0.03926581,0.013225555,0.14820611,0.025453115,0.0893089,0.03912391,0.081671484,0.084025316,0.10081328,0.05056106
21535,2018,21535_000143774919004933_cohu20181229_10k.htm.txt,0.04304638,0.019980121,0.07314246,0.009180099,0.092392184,0.016749091,0.021397099,0.05720574,0.051356155,0.032835778,0.043666895,0.026213545,0.13014613,0.014043947,0.08971358,0.058477785,0.0071467026,0.052531816,0.103056505,0.057717968
21665,2018,21665_000002166519000003_cl-12312018x10k.htm.txt,0.0296575,0.015018624,0.12967522,0.012772431,0.067885466,0.010518549,0.0337284,0.039772946,0.032782067,0.066678725,0.03968311,0.015065875,0.0706665,0.0192026,0.1050891,0.12227941,0.029435085,0.032341372,0.09038435,0.037362665
22356,2018,22356_000002235619000013_cbsh1231201810k.htm.txt,0.023638913,0.050316136,0.076944806,0.014585251,0.117996655,0.006677617,0.011164698,0.020870466,0.008626263,0.03884263,0.042053204,0.01083651,0.109264076,0.00976912,0.05375573,0.056587387,0.010776129,0.23929586,0.03634075,0.061657816
23197,2018,23197_000002319718000076_cmtl0731201810k.htm.txt,0.025247859,0.025673501,0.051053397,0.035753407,0.07458217,0.024591533,0.046113808,0.057218175,0.03721878,0.07715268,0.10141256,0.013382987,0.049162365,0.033227056,0.050484862,0.07066208,0.012352628,0.027898354,0.1163813,0.07043052
23217,2018,23217_000002321718000005_cag-2018x10k.htm.txt,0.04838423,0.017224338,0.06448448,0.009561359,0.0784756,0.037230514,0.024758346,0.030904235,0.039780572,0.057201885,0.03514888,0.041405592,0.12875408,0.03523858,0.057732426,0.06636046,0.017391667,0.04822992,0.11109971,0.050633136
23795,2018,23795_000155837019001302_cto-20181231x10k.htm.txt,0.11438537,0.023209108,0.03838796,0.003926974,0.13591534,0.010423713,0.0358565,0.01780717,0.023354935,0.04901852,0.008452272,0.041724097,0.06640449,0.057055075,0.03377257,0.041823488,0.008592896,0.13110009,0.069349945,0.089439504
24545,2018,24545_000002454519000007_tap2018123110-k.htm.txt,0.035442866,0.013406117,0.098141134,0.0075046043,0.071384616,0.010470391,0.059562143,0.033485927,0.041346256,0.041909937,0.036475956,0.01712485,0.103406295,0.026471263,0.089847505,0.10434143,0.014104044,0.05618803,0.09954154,0.039845068
25232,2018,25232_000002523219000006_form10-kdecember312018.htm.txt,0.055798955,0.030729933,0.07495836,0.0060922108,0.058083992,0.011189529,0.02352909,0.04007975,0.017514404,0.045723476,0.017951068,0.02456718,0.12194614,0.05602136,0.044510312,0.025148077,0.011136597,0.10303583,0.13538375,0.09659998
25445,2018,25445_000162828019001892_cr-20181231x10k.htm.txt,0.020927649,0.020885961,0.06632687,0.012643581,0.08761809,0.018778516,0.02877394,0.028074209,0.039656453,0.07419865,0.043572746,0.016920403,0.14883883,0.034939118,0.06386258,0.07912032,0.022476146,0.05308622,0.084091164,0.055208534
25743,2018,25743_000138713119001471_txmd-10k_123118.htm.txt,0.041760948,0.015894156,0.053697083,0.02496405,0.040365327,0.18935685,0.022939919,0.05387631,0.018107545,0.12388047,0.03238165,0.027687622,0.04457234,0.050780162,0.016246744,0.04687918,0.039472044,0.023205722,0.070392,0.06353987
25895,2018,25895_000143774919011913_crws20190331_10k.htm.txt,0.045267653,0.02993249,0.06720806,0.009526175,0.06717884,0.016967412,0.0149391955,0.021661198,0.014018874,0.04714557,0.026509183,0.065239824,0.14082372,0.028911108,0.09408392,0.083597116,0.012623115,0.02625943,0.08859654,0.09951062
26172,2018,26172_000002617219000009_cmi201810-kdocument.htm.txt,0.025622822,0.019226266,0.06863812,0.027103724,0.08523808,0.013575309,0.05016039,0.033906672,0.07206075,0.04098055,0.0630195,0.014392877,0.082371235,0.038227532,0.089000635,0.106060445,0.013709793,0.04594969,0.06987352,0.04088211
26324,2018,26324_000002632419000003_a20181231-10k.htm.txt,0.024540452,0.019106366,0.074093886,0.017133188,0.082437724,0.015789649,0.033141114,0.045814637,0.053677864,0.043159384,0.05909262,0.013974891,0.09098993,0.032165952,0.059457228,0.08789256,0.030206492,0.035459913,0.10765662,0.07420953
26780,2018,26780_000002678019000004_dan-20181231x10k.htm.txt,0.027502539,0.02111422,0.07650125,0.010827852,0.07824907,0.0121455155,0.040958554,0.04135346,0.05712955,0.030760959,0.05417604,0.013642069,0.10008816,0.019647233,0.11239081,0.120338865,0.016546216,0.059927326,0.069435894,0.0372644
27419,2018,27419_000002741919000006_tgt-20190202x10k.htm.txt,0.030703845,0.057793625,0.06812579,0.038863394,0.04790378,0.014340876,0.023547705,0.049563363,0.029124081,0.051078673,0.07109897,0.019696053,0.0629241,0.024784185,0.052829035,0.097055286,0.02645009,0.06083715,0.11957438,0.053705588
27673,2018,27673_000155837018009728_jdcc-20181028x10k.htm.txt,0.020286407,0.045429934,0.056042925,0.014467105,0.099046364,0.03636962,0.028946105,0.015380515,0.04784865,0.06650183,0.014742908,0.010800126,0.047107875,0.0074400003,0.09351738,0.048759356,0.009814674,0.1360297,0.084413715,0.1170548
27904,2018,27904_000002790419000003_dal1231201810k.htm.txt,0.038627442,0.03169476,0.04304926,0.014238859,0.05702233,0.0157796,0.05673768,0.031178001,0.064727515,0.04590459,0.0657793,0.023836197,0.080042385,0.040449426,0.04617073,0.069925286,0.027965784,0.060734022,0.10297414,0.083162695
27996,2018,27996_000002799619000036_a2018123110-k.htm.txt,0.018975174,0.023126861,0.07043907,0.03170425,0.067936875,0.007528665,0.0210486,0.05395944,0.021308165,0.033211228,0.11902292,0.025675904,0.13805807,0.018830167,0.053530555,0.08926322,0.016779458,0.024161443,0.09748564,0.06795427
28412,2018,28412_000002841219000047_a201810k.htm.txt,0.033598077,0.07347541,0.08582626,0.022203509,0.05714297,0.012368026,0.02098678,0.021884324,0.014558787,0.08433328,0.062510334,0.009938704,0.09939049,0.011894579,0.05735694,0.027238725,0.016757732,0.1611046,0.095894,0.03153646
29002,2018,29002_000156459019003715_diod-10k_20181231.htm.txt,0.039976824,0.021781962,0.063988134,0.0144607555,0.076436825,0.01752038,0.04492903,0.052140225,0.061286766,0.045462392,0.06565032,0.01621929,0.05305523,0.02632709,0.08235877,0.07092919,0.008092751,0.06101564,0.13972834,0.03864007
29534,2018,29534_000155837019002383_dg-20190201x10k.htm.txt,0.047464717,0.024690874,0.06687543,0.014373585,0.06325649,0.015254407,0.030183187,0.053759806,0.034087133,0.08094156,0.039976347,0.046257883,0.09562884,0.01491759,0.05036451,0.10047597,0.020059844,0.047527883,0.105078824,0.0488251
29989,2018,29989_000002998919000007_a2018q410-k.htm.txt,0.03529496,0.01640308,0.06259849,0.0195916,0.047932338,0.0041209315,0.05779439,0.030408429,0.012421264,0.04354057,0.1272415,0.0148612335,0.10355949,0.009469277,0.086792774,0.06887611,0.01363193,0.04972679,0.09131324,0.104421586
30305,2018,30305_000162828019002279_dco10-k2018.htm.txt,0.02162251,0.021875314,0.08738551,0.0097622285,0.064337686,0.016580869,0.021287866,0.042956647,0.04989417,0.058465503,0.067148715,0.011524883,0.103075586,0.013426118,0.06482012,0.06237479,0.014763303,0.05646845,0.11164878,0.10058091
30625,2018,30625_000003062519000009_fls12312018financialstatem.htm.txt,0.013410103,0.015248391,0.092294775,0.019106997,0.07912248,0.00923207,0.034656774,0.055960048,0.060464837,0.04132411,0.09527838,0.008681154,0.08432002,0.020498527,0.06918823,0.084246956,0.02205986,0.038319297,0.103322685,0.053264346
31235,2018,31235_000156459019010423_kodk-10k_20181231.htm.txt,0.054662243,0.039480813,0.063480124,0.013767745,0.065476306,0.0142421685,0.025390023,0.04933397,0.04538088,0.04080586,0.0813253,0.04545777,0.061988596,0.038331944,0.06298386,0.06325072,0.008545927,0.073112294,0.10291783,0.05006566
31462,2018,31462_000155837019001379_ecl-20181231x10k.htm.txt,0.034817044,0.010110984,0.073497325,0.0095554255,0.0868479,0.020629913,0.041400976,0.020988945,0.07450157,0.08194773,0.06906682,0.014315045,0.07963594,0.018424751,0.13809077,0.055196926,0.023814786,0.04011516,0.057858285,0.04918366
32604,2018,32604_000003260418000044_emr-09302018x10xk.htm.txt,0.029806072,0.023693452,0.07325342,0.025879037,0.0759949,0.009430537,0.037855566,0.038146034,0.07291248,0.039363783,0.11677045,0.016764363,0.07776005,0.017602593,0.09095677,0.095265456,0.008299536,0.05078155,0.07591454,0.023549465
32621,2018,32621_000156459019023597_msn-10k_20190331.htm.txt,0.032388926,0.02331185,0.08677002,0.018122002,0.04984179,0.01073256,0.042193204,0.05459857,0.03068474,0.044773668,0.043609306,0.034218777,0.06480011,0.036191437,0.055214815,0.12826249,0.009921103,0.012294647,0.123422116,0.098647855
33002,2018,33002_000156459019015928_ebf-10k_20190228.htm.txt,0.048037585,0.029138109,0.07594567,0.016035255,0.12264784,0.012476627,0.024299616,0.04194497,0.053183097,0.032966543,0.043344337,0.022844791,0.10915621,0.00782217,0.045663465,0.09170581,0.012934145,0.035872586,0.11110467,0.062876485
33213,2018,33213_000003321319000006_eqt1231201810k.htm.txt,0.0480276,0.028169103,0.056634724,0.0103520285,0.037109166,0.014343792,0.02032918,0.029579444,0.1342331,0.110761486,0.02439375,0.04272689,0.118536465,0.025142761,0.064338505,0.03315722,0.006465519,0.042036727,0.11061824,0.043044273
33533,2018,33533_000117494718001151_form10k-20796_esp.htm.txt,0.026394354,0.0030771159,0.031383898,0.006543708,0.12986702,0.018464996,0.032173228,0.0702731,0.06682943,0.016745657,0.06687722,0.011264384,0.031733554,0.003535029,0.05135646,0.14943185,0.024468333,0.040363792,0.11688157,0.102335304
34285,2018,34285_000107997419000137_rlby-20181231.htm.txt,0.13349272,0.009913007,0.0732461,0.0022077656,0.008867675,0.02751843,0.04539109,0.12245805,6.006247e-05,0.05669384,0.044638652,0.037655585,0.030451264,0.0059541953,0.022892985,0.026227698,0.0016732988,0.04296297,0.29991236,0.0077822614
34563,2018,34563_000003456318000049_farm-2018630x10k.htm.txt,0.06858516,0.022044867,0.08957198,0.013367097,0.09767655,0.023703016,0.023211874,0.056512773,0.062364496,0.0404403,0.050983813,0.022268197,0.08227953,0.02098462,0.054517012,0.07004555,0.026510134,0.032497376,0.08995083,0.05248481
34903,2018,34903_000003490319000013_frt-1231201810k.htm.txt,0.056500673,0.030317772,0.058146626,0.006640643,0.088242695,0.016624121,0.028299846,0.04590447,0.02065137,0.046641592,0.017474523,0.008255554,0.08846978,0.057308316,0.055985637,0.039846774,0.019728737,0.11178384,0.10000172,0.10317529
36029,2018,36029_000119312519043555_d683596d10k.htm.txt,0.04335036,0.059648115,0.039215192,0.01409267,0.041627984,0.006879759,0.028514484,0.060550038,0.013249195,0.09592463,0.050395377,0.014046314,0.06577141,0.016225375,0.03053071,0.032506105,0.010267648,0.1529313,0.19811217,0.026161171
36104,2018,36104_000119312519047201_d584906d10k.htm.txt,0.03574105,0.1221062,0.03588125,0.03183627,2.0842199e-05,0.03629949,0.031968664,0.031145245,0.0039828084,0.2595143,0.069139704,0.0759191,0.02304929,0.0075472337,0.0103818225,0.01266367,0.012404757,0.107226126,0.066103,0.027069218
36146,2018,36146_000156459019003267_trmk-10k_20181231.htm.txt,0.03135935,0.038919672,0.100195915,0.013268005,0.10334949,0.008420841,0.014983823,0.019827174,0.009854032,0.06914461,0.029594855,0.008586468,0.14129661,0.018153422,0.052650034,0.034080543,0.01931164,0.1670258,0.04984315,0.07013455
36270,2018,36270_000156459019003467_mtb-10k_20181231.htm.txt,0.044116244,0.046109706,0.08004325,0.0115671,0.081376314,0.009094649,0.015815228,0.013497703,0.0046000495,0.07977534,0.03273751,0.027131097,0.10292832,0.015692567,0.06627248,0.02629602,0.014012553,0.23378327,0.05311712,0.042033475
37785,2018,37785_000003778519000039_fmc201810k.htm.txt,0.026149455,0.027027434,0.08797927,0.012341149,0.08502299,0.019581733,0.035058815,0.03654643,0.04605752,0.08092807,0.050664198,0.025186278,0.08882324,0.031089516,0.08692481,0.052245606,0.011308361,0.051678825,0.067351684,0.07803465
37808,2018,37808_000003780819000005_fnb-10xk2018xq4.htm.txt,0.03838727,0.05173805,0.075343765,0.018727126,0.04783498,0.0105020935,0.011809377,0.034976825,0.008490161,0.1152986,0.054802433,0.0116890175,0.098711126,0.010613196,0.056068152,0.03541997,0.016151512,0.17995632,0.08972365,0.033756394
38264,2018,38264_000100329718000182_fi10k.htm.txt,0.01775206,0.010161227,0.019571334,0.008040969,0.09172258,0.033018507,0.023469884,0.055353522,0.052166793,0.0041376394,0.10992919,0.01919472,0.041996874,0.013290576,0.049140755,0.16481073,0.009176753,0.013265882,0.2335938,0.030206168
38777,2018,38777_000003877718000233_form10k93018.htm.txt,0.051603515,0.01642185,0.04575676,0.029235007,0.04711069,0.011777229,0.043678407,0.034044944,0.010341555,0.12636563,0.07500655,0.013572108,0.05608597,0.014726311,0.076056115,0.07498553,0.010708815,0.122769654,0.09419833,0.045555025
39020,2018,39020_000118518518001293_freqelec20180430_10k.htm.txt,0.052291635,0.014983483,0.0889886,0.015637605,0.10416478,0.017422834,0.034516267,0.036844645,0.023688693,0.02908728,0.057320118,0.08051456,0.067415886,0.011952283,0.12406956,0.047525957,0.023668835,0.035258267,0.019355474,0.11529329
39263,2018,39263_000003926319000009_a20181231-10k.htm.txt,0.0325968,0.058561735,0.083392724,0.017241621,0.09406038,0.0094145695,0.013774175,0.017255053,0.02371101,0.08093324,0.040692046,0.009561799,0.09056573,0.011058982,0.06861826,0.03770774,0.015193463,0.1765828,0.07588461,0.043193266
39911,2018,39911_000003991119000023_fy201810-k.htm.txt,0.025718838,0.03208975,0.06878521,0.016460907,0.07207835,0.013634521,0.05274213,0.03324929,0.02600829,0.033627544,0.05995168,0.016916301,0.1028612,0.017706273,0.08191727,0.103629515,0.01434258,0.038588744,0.12321706,0.06647453
40211,2018,40211_000004021119000020_gatx20181231-10k.htm.txt,0.04257628,0.014709373,0.044807427,0.0058074463,0.08509276,0.005242651,0.053603433,0.010360766,0.037104733,0.075781025,0.026139442,0.02662869,0.10377273,0.022223517,0.090926655,0.07037487,0.016117636,0.07926439,0.10285677,0.086609386
40545,2018,40545_000004054519000014_ge10-k2018.htm.txt,0.019290166,0.0168262,0.08135371,0.021253353,0.080552585,0.012228555,0.01805618,0.038243577,0.045119952,0.04099464,0.06100305,0.014202794,0.109394394,0.021256497,0.078446455,0.08143912,0.031918533,0.10467887,0.06952998,0.05421135
40704,2018,40704_000119312518209377_d564680d10k.htm.txt,0.013871255,0.024473712,0.056556083,0.0063833003,0.15991016,0.026375452,0.05617151,0.057702973,0.047705796,0.028321994,0.040412284,0.011043089,0.05717286,0.014691496,0.076403745,0.14770408,0.015396233,0.0368774,0.10571967,0.017106881
40987,2018,40987_000004098719000015_gpc-12312018x10k.htm.txt,0.030925151,0.022204993,0.0868685,0.019853275,0.058532275,0.008256151,0.06066103,0.04238913,0.07800097,0.02134932,0.068545,0.043464568,0.09359541,0.01535585,0.080376185,0.08656701,0.025918579,0.03851959,0.07003588,0.04858113
41719,2018,41719_000156459019004077_glt-10k_20181231.htm.txt,0.032529294,0.022336856,0.08397875,0.010988999,0.08842609,0.011875796,0.04622761,0.03631554,0.06624067,0.06213782,0.077687494,0.034746584,0.065308586,0.020837275,0.1143117,0.054136984,0.007700028,0.040446535,0.09197404,0.03179331
42582,2018,42582_000095012319000989_gt-q4201810k.htm.txt,0.03360362,0.032795116,0.06694815,0.008588346,0.12719278,0.01284158,0.05463111,0.029221397,0.05668608,0.055231694,0.01845819,0.018159973,0.050263375,0.020943984,0.11261808,0.07120422,0.019985987,0.06749246,0.09504676,0.048087068
42682,2018,42682_000119312519062355_d713244d10k.htm.txt,0.015567495,0.012823671,0.045353033,0.011460207,0.10744795,0.0013514113,0.03408173,0.057516184,0.06544149,0.03424249,0.049709216,0.009173628,0.14777191,0.010831393,0.04465477,0.14678127,0.013447651,0.027601466,0.1103227,0.05442032
42888,2018,42888_000004288819000011_ggg1228201810-k11.htm.txt,0.030251907,0.01901285,0.04906168,0.017988693,0.06381825,0.013170594,0.05094756,0.059208293,0.10035212,0.02402204,0.0846589,0.06449635,0.07271265,0.023948153,0.08272957,0.11063987,0.013921391,0.04052272,0.05409707,0.024439316
43196,2018,43196_000143774919003615_gtn20181231_10k.htm.txt,0.09352931,0.026564103,0.05965225,0.013214891,0.097798064,0.008100659,0.085414164,0.03569183,0.015516512,0.0528006,0.033773415,0.0346293,0.09165911,0.026547201,0.039411508,0.051051535,0.019563626,0.076479584,0.08405401,0.054548357
45012,2018,45012_000004501219000044_hal12312018-10k.htm.txt,0.017757263,0.008768591,0.058089763,0.018741002,0.031120287,0.008187368,0.060658924,0.029897727,0.093774,0.078791894,0.08030531,0.007632684,0.0806059,0.023352046,0.06664532,0.07111683,0.008616309,0.03780823,0.15784477,0.06028584
45876,2018,45876_000004587619000007_hsc-201810kx2018.htm.txt,0.022116171,0.019616459,0.0710435,0.012169385,0.054838274,0.006257552,0.031304773,0.023883412,0.042103816,0.056218907,0.06291724,0.030663546,0.12257365,0.021509537,0.11640918,0.04946958,0.013525597,0.05744422,0.0981876,0.08774759
45919,2018,45919_000004591919000013_hhs-123118x10k.htm.txt,0.03742728,0.014452741,0.07184363,0.0456516,0.030154662,0.016305408,0.026208213,0.05820492,0.012666194,0.0672304,0.1421933,0.018968388,0.040496267,0.027970834,0.05420075,0.06298266,0.010467709,0.033106487,0.14163963,0.087828934
46080,2018,46080_000119312519052025_d678728d10k.htm.txt,0.015328578,0.018859569,0.024232691,0.009982291,0.09222826,0.032717213,0.075362936,0.081781015,0.039904345,0.032608833,0.06478692,0.02104752,0.039133254,0.040302593,0.063409366,0.18813415,0.010711555,0.025578886,0.08178498,0.042105023
46619,2018,46619_000004661918000117_hei1031201810k.htm.txt,0.047277134,0.010413871,0.073169634,0.024519619,0.11402743,0.027887052,0.024128344,0.036759004,0.07181597,0.037970744,0.06848331,0.02255535,0.07880058,0.020212973,0.07091979,0.073266275,0.017340949,0.060810175,0.05056857,0.06907324
46765,2018,46765_000155837018009412_hp-20180930x10k.htm.txt,0.033593956,0.030552737,0.045228355,0.012173537,0.11615565,0.009263744,0.032449003,0.036037505,0.07522682,0.061330926,0.0505006,0.023544906,0.09020992,0.021555157,0.068418965,0.046522666,0.017362062,0.04674356,0.127353,0.05577688
48465,2018,48465_000004846518000046_hormel_2018x10k.htm.txt,0.026474161,0.014920136,0.11455713,0.004016598,0.101814,0.019685397,0.028236877,0.028797306,0.050161887,0.031039678,0.036257952,0.029145068,0.15383846,0.015601081,0.079219505,0.109104685,0.016839355,0.0426081,0.049132988,0.048549596
48898,2018,48898_000162828019001446_hubb-20181231x10k.htm.txt,0.033778224,0.022066247,0.101408735,0.0152767915,0.07392762,0.0060758074,0.03454973,0.03597896,0.036888104,0.045077857,0.05567908,0.017988902,0.11892373,0.019219115,0.07603926,0.07403299,0.01740147,0.059789732,0.095173866,0.060723785
49600,2018,49600_000004960019000007_egp1231201810k.htm.txt,0.121305354,0.03554372,0.07861314,0.006957738,0.049672443,0.009447719,0.034220144,0.016242584,0.013979955,0.08229401,0.008294227,0.010497744,0.05760572,0.04884511,0.13301829,0.01722458,0.012021324,0.12706181,0.069836505,0.06731791
49754,2018,49754_000004975419000004_din-12312018x10k.htm.txt,0.037851524,0.034338456,0.06596004,0.015827244,0.0843188,0.016996562,0.037123397,0.035220366,0.017861912,0.06070337,0.032255832,0.031651415,0.088337325,0.02985449,0.038434844,0.073305905,0.018865429,0.056741286,0.09689962,0.12745216
50471,2018,50471_000165495418010155_pcyg10k_june302018.htm.txt,0.03630757,0.0016638016,0.015076259,0.034067433,0.06754224,0.003370285,0.045734756,0.060850132,0.026930906,0.038653057,0.104839094,0.057223696,0.028728068,0.02331935,0.025908127,0.10635067,0.018497042,0.025068305,0.24927554,0.03059366
51644,2018,51644_000005164419000009_ipg12311810k.htm.txt,0.03924664,0.022916196,0.06438581,0.015265209,0.058035553,0.0091434745,0.05398017,0.039314963,0.012867539,0.056387383,0.111875266,0.020195767,0.0856938,0.009448192,0.103757165,0.062098086,0.015015384,0.05836432,0.06525134,0.09675776
52827,2018,52827_000005282719000006_q4rayonier201810k.htm.txt,0.049447812,0.016754959,0.06554879,0.0064424723,0.090858735,0.014301647,0.05014236,0.050234232,0.041230153,0.06454345,0.04913175,0.03862029,0.061052393,0.042699326,0.06564584,0.09055512,0.008504821,0.082289845,0.06498164,0.047014408
54480,2018,54480_000005448019000012_kcs1231201810k.htm.txt,0.03282653,0.020163177,0.048376005,0.012223629,0.08749741,0.009681467,0.06656151,0.017696982,0.060570933,0.089614004,0.040622137,0.052170888,0.063300595,0.023829333,0.10202627,0.047800217,0.013274689,0.043649748,0.112680264,0.05543423
55067,2018,55067_000162828019001864_k-2018q410xk.htm.txt,0.034247085,0.020943731,0.089062996,0.012605838,0.076856606,0.013737704,0.040012088,0.043687828,0.04570238,0.038518116,0.044995137,0.030828897,0.08699292,0.016843354,0.10040549,0.08807487,0.023335487,0.05239488,0.09953409,0.041220553
55135,2018,55135_000005513519000006_kelya-20181230x10k.htm.txt,0.03029253,0.025465975,0.09216594,0.018294003,0.054878034,0.009913146,0.039354607,0.05547253,0.013463816,0.056583475,0.117720515,0.010856998,0.084864125,0.020244721,0.08724985,0.04243912,0.032603752,0.042811636,0.10002553,0.06529965
55242,2018,55242_000005524218000025_kmt630201810k.htm.txt,0.015210754,0.015625704,0.09118122,0.013618214,0.09747108,0.008446432,0.034726504,0.042148143,0.059281033,0.045857057,0.07045928,0.018823149,0.08436642,0.015843775,0.12658302,0.08602346,0.0168201,0.039888296,0.083692454,0.033933897
55785,2018,55785_000005578519000013_kmb_2018xformx10k.htm.txt,0.018739784,0.03368574,0.064599685,0.0084732575,0.06120196,0.012215465,0.043992903,0.024812201,0.033362668,0.04388436,0.048406836,0.036074266,0.07384597,0.012880604,0.15769449,0.14302988,0.028795661,0.038557697,0.1008189,0.014927627
56047,2018,56047_000114036119003795_form10k.htm.txt,0.026952885,0.020878496,0.034512967,0.02415233,0.10358242,0.015296043,0.073187105,0.029296199,0.14041936,0.041162904,0.07558241,0.048883237,0.035228442,0.013673162,0.020697178,0.14242528,0.012691636,0.024625747,0.054845043,0.061907165
56679,2018,56679_000119312518207569_d532692d10k.htm.txt,0.037024837,0.024546757,0.04235399,0.012837423,0.16272981,0.013678652,0.029583666,0.076153375,0.011893301,0.028933924,0.12902334,0.04029452,0.053924352,0.015158203,0.056669217,0.03832066,0.030953418,0.028165702,0.1251809,0.042573906
56701,2018,56701_000005670118000033_fy201810-k.htm.txt,0.035348088,0.05075901,0.08615692,0.014463162,0.06941701,0.024358954,0.043599468,0.022243084,0.03310446,0.04949108,0.027573625,0.028701873,0.095858455,0.031679496,0.07535456,0.13122855,0.007745217,0.03308937,0.040735766,0.099091865
56868,2018,56868_000119312519107681_d613643d10k.htm.txt,0.017957907,0.023902608,0.029721001,0.01871065,0.039114386,0.009733263,0.045838546,0.05183645,0.19394578,0.13268109,0.03218602,0.01778734,0.053757306,0.025524396,0.017914617,0.033710267,0.008662029,0.04081416,0.16890384,0.037298318
56873,2018,56873_000155837019002756_kr-20190202x10k.htm.txt,0.061378445,0.026297178,0.090892546,0.0070610084,0.09809701,0.0068832263,0.016240306,0.021458987,0.031830918,0.043424543,0.019280544,0.063887015,0.12584479,0.012884461,0.07065069,0.072663985,0.027995752,0.09714502,0.055739388,0.05034419
57725,2018,57725_000110465918053976_a18-14506_110k.htm.txt,0.06379437,0.02154185,0.060226094,0.010810018,0.08170624,0.11935045,0.022855572,0.051728502,0.021690687,0.0941854,0.028226156,0.06939042,0.066934176,0.035122856,0.026314156,0.05394133,0.025917092,0.031203512,0.06135162,0.053709462
58361,2018,58361_000005836118000038_a10k20189-30x18.htm.txt,0.045954827,0.034066275,0.08330655,0.015733888,0.0506387,0.009945529,0.037663408,0.03912548,0.0349392,0.03986423,0.09762201,0.022430934,0.089965604,0.0254266,0.037447803,0.1088057,0.021047276,0.072090454,0.082353264,0.05157223
58492,2018,58492_000005849219000004_leg201810k.htm.txt,0.03843358,0.021894448,0.05828482,0.008807563,0.08166308,0.010110284,0.034482647,0.042243227,0.06667227,0.027062528,0.06818146,0.045103382,0.09385735,0.017045494,0.08107929,0.09306457,0.012210061,0.06989512,0.0869064,0.043002445
59255,2018,59255_000156459019007189_vhi-10k_20181231.htm.txt,0.042597495,0.012903629,0.06692677,0.012864798,0.09925429,0.021732384,0.03292545,0.01688558,0.050272103,0.09429123,0.016930467,0.02440831,0.069570914,0.056533832,0.1309292,0.05748008,0.014050857,0.05741987,0.05160944,0.07041329
59440,2018,59440_000005944019000004_a2018-10k.htm.txt,0.04922632,0.022502057,0.072893985,0.007418666,0.03156621,0.039673153,0.046390288,0.039231356,0.01730108,0.08579552,0.016764268,0.03290991,0.08151827,0.04592846,0.035380475,0.0849121,0.013331988,0.09470078,0.101245865,0.08130927
59478,2018,59478_000005947819000082_lly-20181231x10xk.htm.txt,0.02284641,0.014120654,0.05216716,0.02223157,0.047748573,0.1348193,0.036355276,0.046099234,0.020465363,0.088212505,0.027094573,0.023171065,0.059015814,0.070430465,0.08339143,0.0771675,0.024070188,0.025008744,0.0728688,0.052715357
