cik,year,file_name,Topic 0,Topic 1,Topic 2,Topic 3,Topic 4,Topic 5,Topic 6,Topic 7,Topic 8,Topic 9,Topic 10,Topic 11,Topic 12,Topic 13,Topic 14,Topic 15,Topic 16,Topic 17,Topic 18,Topic 19
1800,2017,1800_000104746918000856_a2234264z10-k.htm.txt,0.02330446,0.016378906,0.026566245,0.019590758,0.09682837,0.12333612,0.036718424,0.072810225,0.016578028,0.056636468,0.040840384,0.026948528,0.04278048,0.02659484,0.052932695,0.11213389,0.0350915,0.04562495,0.09627032,0.032034382
2178,2017,2178_000000217818000009_a2017form10-k.htm.txt,0.015009975,0.035067815,0.06473015,0.016893234,0.086693585,0.01790148,0.028244581,0.01701459,0.14068566,0.08265739,0.02682538,0.014013664,0.10096459,0.029046778,0.038261965,0.06905487,0.019555015,0.03678358,0.08811909,0.07247657
2186,2017,2186_000165495418002205_rwc_10k.htm.txt,0.023920657,0.017364012,0.009340043,0.01282013,0.08921847,0.024672804,0.03606556,0.086892836,0.047078464,0.06364257,0.041958187,0.004932004,0.0057526845,0.011196858,0.05558808,0.120489225,0.01068502,3.1033363e-05,0.31202713,0.026324224
2488,2017,2488_000000248818000042_amd-12302017x10k.htm.txt,0.056176115,0.02957979,0.039437205,0.023894457,0.056393348,0.040533714,0.030461004,0.046364576,0.04314506,0.060158215,0.08638142,0.037976258,0.05167652,0.064063385,0.04225361,0.072330266,0.0065191793,0.055213254,0.10567226,0.05177038
2969,2017,2969_000000296917000039_apd-10xkx30sep2017.htm.txt,0.032627944,0.009578901,0.09635818,0.01191347,0.093089715,0.011144176,0.038156476,0.0200132,0.094523326,0.046406265,0.03707187,0.014344851,0.120021276,0.02079691,0.09311883,0.06862267,0.010337174,0.05079864,0.08214834,0.04892774
3197,2017,3197_000156459018005085_cece-10k_20171231.htm.txt,0.04513197,0.0189397,0.09813835,0.011772874,0.10294544,0.009213742,0.023440177,0.039762467,0.051328596,0.04265727,0.06727624,0.024945065,0.13196598,0.018473659,0.061541077,0.06195807,0.010177378,0.038657345,0.080461025,0.061213605
3499,2017,3499_000000349918000006_alx10-k123117.htm.txt,0.0645869,0.020799538,0.056928903,0.015726067,0.068214,0.011600501,0.029779471,0.031005133,0.019824315,0.08113724,0.0119275935,0.027194288,0.07482641,0.050508283,0.048923444,0.02270378,0.0257725,0.09703538,0.15403964,0.08746662
3545,2017,3545_000000354517000091_alco-93017x10k.htm.txt,0.06915206,0.013231659,0.079894535,0.0064844545,0.096786514,0.01465709,0.028320806,0.03111537,0.052336838,0.0614021,0.032898806,0.04971082,0.09045801,0.027716141,0.03765759,0.043954544,0.014230413,0.06316016,0.12452845,0.062303606
3570,2017,3570_000000357018000031_cei2017form10-k.htm.txt,0.059292603,0.01761925,0.041898534,0.010544431,0.0520672,0.022321299,0.038049735,0.031888187,0.11828529,0.10148927,0.044218823,0.034961186,0.056554653,0.03621833,0.043040078,0.015917057,0.004991057,0.07948801,0.11530459,0.07585043
4127,2017,4127_000000412717000033_fy1710k92917.htm.txt,0.03274476,0.010751064,0.05524662,0.016543135,0.05215275,0.02597442,0.036518168,0.082684495,0.06724164,0.050758123,0.07040729,0.01126699,0.09465244,0.045944598,0.074123755,0.08336545,0.007291385,0.022490352,0.12948878,0.030353803
4447,2017,4447_000156459018002698_hes-10k_20171231.htm.txt,0.030080827,0.02511487,0.05461138,0.020314058,0.12088945,0.023940828,0.02908652,0.01696692,0.14342384,0.04814278,0.032038342,0.021701103,0.11859358,0.032821395,0.09660782,0.03806015,0.010407051,0.053878088,0.05301557,0.030305428
4457,2017,4457_000000445718000016_March201810K.htm.txt,0.01900201,0.017995628,0.06324729,0.019653272,0.14145584,0.0057023065,0.040542465,0.035080038,0.03278168,0.04942393,0.03685008,0.012990656,0.08112045,0.026841039,0.058948033,0.075452015,0.04061864,0.114442885,0.06842479,0.05942692
4904,2017,4904_000000490418000009_aep10klegal20174q.htm.txt,0.03254629,0.024369018,0.053992514,0.058953088,0.015476056,0.019886494,0.0267797,0.044532645,0.15044165,0.11209427,0.047636215,0.02610713,0.02905103,0.027790252,0.024229474,0.047766726,0.011762579,0.0624688,0.103951395,0.08016468
5513,2017,5513_000000551318000016_unm12312017-10xk.htm.txt,0.027556926,0.038600333,0.09382458,0.013966406,0.04103024,0.011318666,0.019411698,0.035580024,0.0029712117,0.05816352,0.039252046,0.019594913,0.13175113,0.010812621,0.08495797,0.06737261,0.08615549,0.10984657,0.084112786,0.023720216
6176,2017,6176_000156459018006027_ap-10k_20171231.htm.txt,0.045810543,0.024035426,0.10313893,0.012463721,0.059315234,0.009233134,0.038426243,0.014340955,0.04700145,0.045137014,0.042166207,0.024553116,0.11698587,0.033973202,0.16407633,0.051213466,0.03435178,0.0386621,0.0594813,0.035633944
6201,2017,6201_000000620118000009_a10k123117.htm.txt,0.04902716,0.030286849,0.0629723,0.016507259,0.052947428,0.008034071,0.044926807,0.033657536,0.044144135,0.095225364,0.03578614,0.03369222,0.05581517,0.035377644,0.06403122,0.056768537,0.029848253,0.05846854,0.124275945,0.06820745
6207,2017,6207_000114420417037145_v469924_10k.htm.txt,0.045714065,0.014473358,0.03824798,0.008443407,0.09958884,0.005529804,0.02958343,0.08464312,0.03673283,0.014485363,0.022357386,0.06913073,0.09066532,0.0416674,0.03009891,0.06350128,0.013405316,0.048353277,0.12565792,0.11772026
6951,2017,6951_000000695117000038_amat1029201710-kq42017.htm.txt,0.021627875,0.017773237,0.080913305,0.011484118,0.06496691,0.0143910255,0.017562471,0.06573085,0.071498886,0.030524928,0.082705654,0.022630574,0.09965888,0.086219035,0.07643812,0.07583792,0.008207512,0.042206258,0.07886064,0.030761797
7623,2017,7623_000143774918001906_artw20171130_10k.htm.txt,0.04892674,0.043413583,0.06955229,0.012847166,0.09142007,0.02802077,0.061711624,0.041059703,0.07453897,0.01741515,0.0734535,0.048924673,0.039947137,0.025889065,0.029603383,0.11721627,0.007960409,0.05988845,0.020296011,0.08791505
8063,2017,8063_000000806318000006_atro-20171231x10k.htm.txt,0.040623207,0.02048262,0.07018964,0.025566068,0.06887438,0.016328922,0.029442457,0.05283586,0.029526118,0.047446225,0.050201308,0.023335803,0.15043455,0.046973825,0.045313023,0.07031242,0.013743194,0.03851097,0.090438105,0.069421336
8146,2017,8146_000119312518113108_d518979d10k.htm.txt,0.020050928,0.02206378,0.035391428,0.02630089,0.103940755,0.019194122,0.033888176,0.06087107,0.050029837,0.04258413,0.08152109,0.031815827,0.06727276,0.020396791,0.062039882,0.09845768,0.004402918,0.049571007,0.12552924,0.044677705
8177,2017,8177_000114036118015001_h10051668x1_10k.htm.txt,0.058075015,0.03294165,0.11045669,0.014303996,0.06835423,0.008203963,0.012423837,0.027761962,0.011490765,0.037927795,0.025038196,0.02297491,0.16634025,0.015886435,0.07912885,0.02952399,0.080699876,0.06940174,0.058991965,0.07007384
8504,2017,8504_000158069518000161_enrj-10k_123117.htm.txt,0.07685468,0.02954546,0.025512941,0.009923032,0.036489245,0.016147269,0.016335031,0.06735512,0.15360504,0.0694166,0.01666944,0.028623892,0.048212934,0.028814482,0.015668131,0.04432832,0.008899565,0.03665818,0.23950395,0.031436644
8858,2017,8858_000000885817000057_avt-20170701x10k.htm.txt,0.039778043,0.017334336,0.06471127,0.01376862,0.13390596,0.0056965975,0.018180432,0.03084087,0.022421006,0.0782446,0.05957296,0.021945314,0.12461562,0.008494686,0.11060726,0.04561289,0.012669685,0.05802769,0.08498325,0.048588898
8947,2017,8947_000000894718000071_azz201822810k.htm.txt,0.041321497,0.027375773,0.066643104,0.014510472,0.071821205,0.0046811374,0.02010072,0.036315285,0.060543925,0.06506818,0.07182213,0.023422785,0.10008654,0.019979678,0.10755884,0.044360146,0.0082866205,0.03238303,0.11963896,0.064079985
9326,2017,9326_000114036118011267_form10k.htm.txt,0.04337622,0.02370475,0.08220203,0.010998873,0.06639973,0.04198356,0.0223268,0.03600946,0.0733524,0.04540524,0.061975107,0.029771272,0.1033057,0.01773783,0.0889773,0.074555546,0.027400563,0.04218994,0.055238143,0.05308955
9389,2017,9389_000155837018001345_bll-20171231x10k.htm.txt,0.0405327,0.031472906,0.09923876,0.004313875,0.09096431,0.009094982,0.03595875,0.028316578,0.062457375,0.06316349,0.041441843,0.016771354,0.08613152,0.024026362,0.11194593,0.05147054,0.019678123,0.057547767,0.06342432,0.06204853
10254,2017,10254_000156459018005824_este-10k_20171231.htm.txt,0.067053095,0.026477037,0.052262694,0.012547418,0.06566455,0.012633023,0.024203291,0.025570164,0.15102036,0.09309873,0.019785069,0.041486807,0.10735975,0.03146139,0.06920406,0.018031394,0.006019402,0.043605134,0.10059711,0.03191952
10329,2017,10329_000143774918000767_bset20171125_10k.htm.txt,0.045058977,0.02155474,0.09591334,0.00868371,0.06640941,0.00980084,0.05259652,0.026306119,0.047698915,0.0222827,0.05984528,0.033030055,0.13759564,0.012933985,0.042364787,0.12736313,0.015611823,0.031154783,0.05625219,0.0875431
10456,2017,10456_000156459018002954_bax-10k_20171231.htm.txt,0.03914899,0.014231884,0.06792419,0.01894977,0.09443742,0.042584524,0.031613436,0.044249672,0.02661046,0.06368612,0.045860752,0.03737772,0.09247727,0.02687019,0.10306416,0.049630545,0.02529113,0.041350976,0.083803624,0.05083713
13156,2017,13156_000156459018007438_glxz-10k_20171231.htm.txt,0.090246916,0.019165909,0.06434771,0.02306691,0.04591263,0.048518408,0.041044693,0.043822825,0.019640353,0.06322092,0.076853916,0.102339804,0.06518025,0.044240884,0.037021674,0.03943195,0.009617233,0.038643472,0.032721415,0.09496212
14177,2017,14177_000149315218000507_form10-k.htm.txt,0.011368521,0.0086578345,0.03987508,0.015057096,0.119562306,0.02092306,0.02348816,0.06596196,0.09882966,0.046960354,0.06546529,0.009262043,0.038108125,0.0078402525,0.04267725,0.19758472,0.01750674,0.0052722055,0.13650031,0.029099038
14707,2017,14707_000001470718000013_cal2018020310-k.htm.txt,0.048960183,0.027905226,0.07515384,0.011720471,0.054986753,0.014776455,0.03791992,0.037707586,0.041369267,0.03095894,0.04712744,0.029674148,0.12557217,0.018204188,0.06907511,0.14866032,0.017260727,0.036720656,0.07513674,0.051109873
14846,2017,14846_000001484617000051_brtrealty10-k2017.htm.txt,0.045838982,0.022131493,0.07061993,0.006278353,0.08494717,0.007040188,0.017375596,0.03861907,0.008121369,0.04992756,0.021752983,0.041573927,0.08574959,0.12670942,0.050594557,0.026512112,0.02141862,0.12613334,0.112884015,0.035771713
15357,2017,15357_000114420417049872_v475177_10k.htm.txt,0.04496366,0.0146623,0.033881955,0.0037100704,0.24373996,5.3190168e-05,0.040558796,0.025741432,0.049003355,0.0046822364,0.01770887,0.07474098,0.049949978,0.0015511106,0.045601368,0.2077989,0.004466847,0.018152209,0.046804953,0.0722278
15847,2017,15847_000143774917012924_buks20170430_10k.htm.txt,0.054645035,0.034827355,0.091570996,0.018580997,0.04838092,0.03911062,0.043463457,0.042715188,0.046028268,0.09006566,0.093496725,0.049994748,0.04567088,0.025635427,0.026594395,0.037596986,0.027422482,0.021527814,0.09354247,0.06912961
16040,2017,16040_000156459017024203_cbt-10k_20170930.htm.txt,0.023907142,0.00831453,0.05714083,0.009228422,0.09602605,0.016184187,0.03802177,0.029214332,0.09109815,0.045789283,0.04809177,0.025265703,0.13096884,0.028136592,0.09902592,0.08262686,0.013608608,0.045201454,0.07465659,0.037492964
16160,2017,16160_000001616017000017_calm-2017x06x03x10k.htm.txt,0.048095126,0.021845672,0.052392602,0.011973174,0.112429395,0.028462112,0.023945259,0.020577058,0.06273361,0.11347775,0.02144747,0.0391931,0.080341734,0.04794855,0.02425287,0.14321496,0.008263131,0.024076866,0.083385155,0.031944416
16732,2017,16732_000001673217000058_cpb-7302017x10xk.htm.txt,0.027127158,0.011665356,0.114382535,0.01006967,0.09955104,0.016828537,0.018968869,0.053972036,0.04653685,0.02355919,0.050512634,0.01159363,0.13522007,0.018336335,0.07860671,0.10170955,0.02569362,0.045431416,0.076207764,0.034027047
18230,2017,18230_000001823018000042_cat_10-kx12312017.htm.txt,0.020631012,0.025930462,0.07500928,0.011804008,0.09240202,0.008709719,0.039614055,0.02523718,0.06833137,0.042003363,0.050998088,0.0145777725,0.09422619,0.014772247,0.09783649,0.10563583,0.019218814,0.06884024,0.08743652,0.036785357
18255,2017,18255_000001825518000024_cato10k2017-jrs.htm.txt,0.021502674,0.026198456,0.011101967,0.023955297,0.11167827,0.009199407,0.03650897,0.037291408,0.038914695,0.041347038,0.036114424,0.0035295985,0.033677056,0.004331649,0.019672327,0.12889935,0.012580394,0.018682057,0.35769725,0.02711769
18349,2017,18349_000001834918000005_snv-12312017x10k.htm.txt,0.049273983,0.062686235,0.06941794,0.0164038,0.043069165,0.010646846,0.008025444,0.035532422,0.008731641,0.099707544,0.057001684,0.008126565,0.10525868,0.011082415,0.05638258,0.034250475,0.00995612,0.1953266,0.08404545,0.035074387
18498,2017,18498_000001849818000016_gcofy201810-k.htm.txt,0.030593852,0.032780845,0.0741312,0.017208852,0.122177646,0.008608654,0.04295929,0.021979598,0.037358977,0.05169815,0.03231714,0.042849034,0.09863199,0.020545222,0.07104393,0.10414271,0.01495607,0.031170446,0.09960336,0.045243077
19584,2017,19584_000115752318000411_a51760920.htm.txt,0.024768258,0.017142259,0.0348917,0.03436128,0.023424365,0.0491277,0.041536376,0.045639552,0.00881732,0.239279,0.05036759,0.033039007,0.008609431,0.02304473,0.007937451,0.012483542,0.11009407,0.030952763,0.12861975,0.07586388
19745,2017,19745_000162828018002594_cpk1231201710-k.htm.txt,0.03310184,0.018152604,0.06879619,0.01706615,0.060950246,0.012624906,0.015629511,0.0334079,0.15911843,0.05839341,0.033228125,0.037237566,0.052620295,0.010838256,0.06440657,0.08250067,0.008220462,0.056971293,0.107091956,0.0696436
19871,2017,19871_000119312518089128_d512170d10k.htm.txt,0.008228623,0.017838432,0.031236172,4.073132e-05,0.10278535,0.0028605754,0.04052839,0.070020355,0.10586012,0.040655296,0.08293699,0.022089193,0.002405408,0.011136449,0.049694005,0.1549895,0.010772346,0.020207094,0.2188184,0.0068966467
20212,2017,20212_000002021218000010_chdn2017123110k.htm.txt,0.04933753,0.039237153,0.052981358,0.014190833,0.093055904,0.0187825,0.035601836,0.047965925,0.022019137,0.11290355,0.06016648,0.032390535,0.079611726,0.04314291,0.037196357,0.034252647,0.014525064,0.037740637,0.11350449,0.061393447
20520,2017,20520_000002052018000007_ftr-20171231x10k.htm.txt,0.06203444,0.025922926,0.05332185,0.034465987,0.096743174,0.015643138,0.046081327,0.0466642,0.011543865,0.0734141,0.08192654,0.03049016,0.07493857,0.01323609,0.04585852,0.051672105,0.016911766,0.06819062,0.0862065,0.06473413
21076,2017,21076_000162828017008700_fy17clx10k.htm.txt,0.03938314,0.01885133,0.04451286,0.029455448,0.016557617,0.022994468,0.041083865,0.08680743,0.050883733,0.061139934,0.044796314,0.093289666,0.018601667,0.03752292,0.038585816,0.09939583,0.01591804,0.017113743,0.20698021,0.01612595
21175,2017,21175_000002117518000019_cna2017q4.htm.txt,0.015602434,0.033345144,0.07497741,0.011706142,0.07316056,0.011919563,0.017174063,0.028413324,0.0073147826,0.051766507,0.040333908,0.01572614,0.14532638,0.024449723,0.08694945,0.038946785,0.085863344,0.08622986,0.10210774,0.04868673
21535,2017,21535_000143774918003809_cohu20171230_10k.htm.txt,0.026338533,0.017301824,0.052869447,0.010817414,0.04639081,0.0257874,0.026754329,0.07619872,0.07646059,0.04370609,0.0698313,0.024755247,0.11205778,0.01543115,0.09062075,0.081551336,0.004911921,0.031243792,0.13157682,0.03539478
21665,2017,21665_000002166518000003_cl-12312017x10k.htm.txt,0.033239584,0.015810171,0.113705695,0.011070083,0.081836835,0.011836476,0.03377103,0.03718729,0.028543934,0.064539194,0.038887266,0.020046765,0.068675414,0.022325134,0.11834189,0.12442451,0.028859545,0.034808844,0.082226045,0.02986428
22356,2017,22356_000002235618000015_cbsh1231201710k.htm.txt,0.023662666,0.048704892,0.081993096,0.0130334,0.1228706,0.0066322475,0.0114905685,0.018504616,0.009004081,0.040957782,0.03571559,0.013561491,0.117555015,0.009177036,0.05491574,0.05392426,0.0101681175,0.2485127,0.037905093,0.04171099
23194,2017,23194_000156459018003306_crk-10k_20171231.htm.txt,0.052584875,0.025649417,0.03932503,0.0102080405,0.06837843,0.007409689,0.030284159,0.0301092,0.1813673,0.091652095,0.02042785,0.040709186,0.09975159,0.02359461,0.056720063,0.03065548,0.008008178,0.044925142,0.10457931,0.033660322
23197,2017,23197_000002319717000069_cmtl0731201710k.htm.txt,0.027090658,0.028207777,0.05805837,0.032505237,0.07550878,0.025303194,0.04038492,0.06179256,0.033998843,0.0697522,0.09811048,0.014346712,0.053609006,0.036221035,0.04343116,0.072646074,0.014157488,0.028242495,0.11922659,0.067406416
23217,2017,23217_000162828017007184_cag-2017x10k.htm.txt,0.03389014,0.016214946,0.077653326,0.0078066667,0.08174268,0.030535458,0.02586311,0.028988535,0.05111832,0.049338583,0.03587576,0.036795706,0.1439682,0.022652524,0.059839096,0.077767916,0.018895304,0.038888372,0.11714371,0.04502167
23795,2017,23795_000155837018001296_cto-20171231x10k.htm.txt,0.110281244,0.019521708,0.043804057,0.0036775202,0.13759893,0.009668623,0.035448957,0.017760072,0.024721432,0.04560008,0.009651653,0.041699465,0.06755195,0.056338612,0.032939732,0.034295328,0.008391875,0.14141166,0.07160359,0.08803354
24545,2017,24545_000002454518000009_tap2017123110-k.htm.txt,0.041856363,0.015128157,0.09826928,0.007043249,0.07537803,0.010579372,0.061883356,0.036020894,0.03896621,0.04243674,0.034633245,0.021943487,0.100462794,0.024592523,0.093370035,0.10191398,0.014209715,0.05342267,0.08947714,0.038412802
25232,2017,25232_000002523218000007_form10-kdecember312017.htm.txt,0.05856194,0.033376407,0.10596307,0.0049446872,0.05957375,0.010665034,0.02437715,0.035566542,0.016615752,0.043439507,0.016144697,0.015407945,0.11461824,0.05250781,0.053769555,0.023381697,0.011789494,0.11128601,0.11962268,0.08838807
25445,2017,25445_000162828018002289_cr-20171231x10k.htm.txt,0.026799338,0.021685591,0.071099274,0.01106021,0.09540827,0.016626084,0.025387898,0.031645525,0.034676127,0.07103124,0.044358972,0.026626343,0.13556135,0.036268145,0.07538506,0.07645233,0.022169791,0.05638383,0.0795016,0.04187302
25743,2017,25743_000138713118000776_txmd-10k_123117.htm.txt,0.04562853,0.018324856,0.060269132,0.022516197,0.048005834,0.25024235,0.023306154,0.048973177,0.018357513,0.09973742,0.033545677,0.020093037,0.04212007,0.04399506,0.017255468,0.048068095,0.029849503,0.014681382,0.07807387,0.036956657
26172,2017,26172_000002617218000011_cmi2017final10-kdocume.htm.txt,0.0233425,0.019328514,0.066539325,0.026316855,0.093166165,0.015250525,0.05189697,0.03632104,0.07092116,0.045916665,0.060034204,0.014788571,0.08009924,0.03873956,0.0930511,0.103623316,0.016531933,0.04507792,0.07232294,0.026731497
26324,2017,26324_000002632418000003_a20171231-10k.htm.txt,0.035209455,0.019506846,0.072647035,0.016151708,0.09487959,0.016573535,0.031144967,0.04479687,0.0531363,0.044255685,0.058401097,0.015918324,0.08636398,0.03425597,0.059975635,0.081094414,0.029146893,0.037824344,0.099899344,0.06881804
26780,2017,26780_000002678018000004_dan-20171231x10k.htm.txt,0.024477229,0.02111022,0.09281899,0.009627719,0.07615638,0.012517645,0.03530057,0.037725214,0.05194852,0.031260744,0.048766706,0.014632056,0.11799487,0.016812056,0.11692251,0.11409976,0.015072602,0.060605142,0.06563379,0.036517274
27673,2017,27673_000155837017009358_jdcc-20171029x10k.htm.txt,0.021034027,0.046928585,0.063249834,0.014237782,0.10118768,0.038504463,0.027947292,0.015572796,0.04872777,0.06469865,0.012948178,0.010653624,0.049280465,0.0076878765,0.07750221,0.04824975,0.010701881,0.14030612,0.08866137,0.11191968
27904,2017,27904_000002790418000006_dal1231201710k.htm.txt,0.041579857,0.038872514,0.039729692,0.015782166,0.058224626,0.0144954715,0.05934125,0.03382656,0.06709075,0.051235233,0.06070273,0.021655789,0.081590585,0.035786167,0.04824886,0.07489962,0.024958083,0.05636618,0.10595221,0.06966167
27996,2017,27996_000002799618000034_a2017123110-k.htm.txt,0.020045485,0.025908604,0.066140406,0.028782656,0.066697806,0.008215656,0.025554612,0.05549833,0.02546025,0.031698275,0.117215134,0.021768948,0.13309698,0.015637567,0.05720601,0.08816876,0.017770568,0.0338774,0.09468091,0.066575676
29002,2017,29002_000156459018002396_diod-10k_20171231.htm.txt,0.04170678,0.020781206,0.06522074,0.016873464,0.0762781,0.017506447,0.039881933,0.050889928,0.057551224,0.041700147,0.06720038,0.016070377,0.060191207,0.024819396,0.098390624,0.07116333,0.0068431334,0.055097412,0.13613357,0.035700645
29534,2017,29534_000155837018002366_dg-20180202x10k.htm.txt,0.05004171,0.025029007,0.074560665,0.01581547,0.059856042,0.013670528,0.028645314,0.05230766,0.032824133,0.085484594,0.03972892,0.043772593,0.09127949,0.013109492,0.048116505,0.10814386,0.021022491,0.03919588,0.10921608,0.048179597
29905,2017,29905_000002990518000013_a2017123110-k.htm.txt,0.030971752,0.017261866,0.0715186,0.013413174,0.09341234,0.019968292,0.02665262,0.0502352,0.06272276,0.04319012,0.08697387,0.02246776,0.08895001,0.018264182,0.09418395,0.08333507,0.014469793,0.04368042,0.08720257,0.031125676
30305,2017,30305_000162828018002505_dco10-k2017.htm.txt,0.01963167,0.020507434,0.07746812,0.015685694,0.07106198,0.018018998,0.025472375,0.037166752,0.044671766,0.05860502,0.06309393,0.009702985,0.14210121,0.012485852,0.07161009,0.05593936,0.016454158,0.049469978,0.1183348,0.07251782
30625,2017,30625_000162828018002486_fls12312017financialstatem.htm.txt,0.013369172,0.016159512,0.08039526,0.018554471,0.07806736,0.008973218,0.033117097,0.056742784,0.06244171,0.04495103,0.09381704,0.008387197,0.091858394,0.020968726,0.083098054,0.08517491,0.021923669,0.042749096,0.09850735,0.040743984
31462,2017,31462_000155837018000999_ecl-20171231x10k.htm.txt,0.03462654,0.009485001,0.07032848,0.009452399,0.08465285,0.017095193,0.043272078,0.020102482,0.07308401,0.08791802,0.061345052,0.017068662,0.08270509,0.018981783,0.1400253,0.06007256,0.024524165,0.049202863,0.056714162,0.03934329
32621,2017,32621_000156459018016376_msn-10k_20180331.htm.txt,0.043338984,0.025886683,0.08509004,0.017920725,0.053506732,0.01579426,0.03411646,0.047957875,0.029844185,0.03913094,0.044161923,0.04087857,0.058565006,0.03886156,0.053582195,0.12582201,0.009675906,0.013470521,0.13047189,0.09192349
33002,2017,33002_000156459018013187_ebf-10k_20180228.htm.txt,0.052569725,0.037891284,0.07533264,0.01562946,0.11764359,0.0121376095,0.026740672,0.04260297,0.04177554,0.03514862,0.039981652,0.024519233,0.11697069,0.008618165,0.047098123,0.08412352,0.017670196,0.04411998,0.1108891,0.048537232
33185,2017,33185_000003318518000011_efx10k20171231.htm.txt,0.03570546,0.029075027,0.0721356,0.046331916,0.04950357,0.008070327,0.039783433,0.03635701,0.0070655155,0.11089788,0.09767858,0.028433697,0.08985187,0.03252528,0.066030934,0.063770324,0.020154364,0.051381685,0.07019503,0.0450525
33213,2017,33213_000003321318000003_eqt-12312017x10k.htm.txt,0.053646155,0.030460926,0.06016101,0.012013184,0.07029871,0.0121462755,0.019028438,0.023005243,0.12588263,0.057033755,0.039015725,0.040704433,0.13746706,0.030339397,0.08479635,0.039420735,0.005821197,0.04560865,0.065018386,0.048131753
33533,2017,33533_000117494717001285_form10k-18640_esp.htm.txt,0.049891233,0.011370364,0.04514612,0.010495709,0.12431927,0.017887773,0.038108543,0.070218146,0.07134986,0.021100286,0.071247764,0.01886305,0.02091101,0.0028430545,0.053022183,0.16619645,0.021812685,0.036047522,0.08013865,0.069030344
33992,2017,33992_000165495418002619_kins_10-k.htm.txt,0.05232255,0.012431365,0.009187077,0.025142482,0.1221308,0.0056049265,0.031451434,0.042334724,0.011161523,0.050452627,0.038098864,0.08709083,0.027590698,0.012198232,0.019186296,0.06695486,0.050868224,0.043322857,0.27866676,0.01380288
34285,2017,34285_000107997418000167_reliability10k_12312017.htm.txt,0.17932668,0.01604983,0.13431625,0.0060356576,0.026541354,0.024215572,0.03316416,0.088032976,0.0014607693,0.076029666,0.043003052,0.04095603,0.03803965,0.008641673,0.037004475,0.015363567,0.00079651654,0.03472914,0.17385618,0.022436785
36029,2017,36029_000119312518048057_d494308d10k.htm.txt,0.044712603,0.060869183,0.04552796,0.013968153,0.04484496,0.006235334,0.027611315,0.057915203,0.012045924,0.08966145,0.050124727,0.016231492,0.06827954,0.017421218,0.033220775,0.033813275,0.011070638,0.14611492,0.19292411,0.027407207
36146,2017,36146_000156459018002465_trmk-10k_20171231.htm.txt,0.034719326,0.041015506,0.100595474,0.010013803,0.10306632,0.0090530235,0.01739925,0.0208459,0.010865068,0.06676976,0.026664963,0.011389538,0.15088694,0.018583221,0.051776066,0.03416602,0.015957385,0.1792286,0.052225173,0.04477864
36270,2017,36270_000156459018002855_mtb-10k_20171231.htm.txt,0.04596924,0.044732522,0.07793198,0.010686404,0.08538018,0.008801679,0.02027477,0.014130554,0.004514512,0.07371241,0.027946431,0.026684292,0.11130771,0.014461373,0.06381484,0.025295623,0.013111657,0.2396763,0.051014494,0.040553056
37472,2017,37472_000089710117001032_flexsteel172302_10k.htm.txt,0.024091553,0.012894471,0.038400766,0.04061911,0.06144654,0.02778703,0.04665689,0.048816036,0.0606575,0.05372556,0.067977406,0.031136638,0.025075024,0.02416454,0.022378063,0.11380146,0.015533754,0.009812089,0.217791,0.057234563
37808,2017,37808_000003780818000005_fnb-10xk2017xq4.htm.txt,0.040921472,0.054014806,0.07401996,0.017552119,0.0441634,0.010810141,0.013778576,0.039562616,0.008164722,0.119761504,0.054893143,0.012507074,0.09306561,0.0127613805,0.05758898,0.034271646,0.016049873,0.17098485,0.093227066,0.03190104
38264,2017,38264_000100329717000352_fi10k.htm.txt,0.052154012,0.023920426,0.09400837,0.006019373,0.068195164,0.02293164,0.042173095,0.035349187,0.061387274,0.02595692,0.04915734,0.03792692,0.06054703,0.008096606,0.072256036,0.109872326,0.009739598,0.019008609,0.09483304,0.10646702
38723,2017,38723_000137647418000064_ff_10k.htm.txt,0.06597989,0.023641381,0.11549423,0.028685039,0.010052826,0.024763806,0.012749409,0.021793125,0.0017567336,0.0970827,0.07120596,0.10527509,0.018054215,0.009773003,0.039353624,0.015543823,0.040425673,0.098270476,0.15797906,0.042119976
38777,2017,38777_000003877717000268_form10k93017.htm.txt,0.051606555,0.017765237,0.050620425,0.02638776,0.050873317,0.011028292,0.042963967,0.032992125,0.009008191,0.117311776,0.0709097,0.01362109,0.07748969,0.015349697,0.065792195,0.071278915,0.011597362,0.12721373,0.09352089,0.042669114
39899,2017,39899_000003989918000011_tgna-20171231x10k.htm.txt,0.05903543,0.03245639,0.09023518,0.012695889,0.10314448,0.015623873,0.055182606,0.03248713,0.02181529,0.041830674,0.062500946,0.032295052,0.11705975,0.013563274,0.06643671,0.06104849,0.018941088,0.06421976,0.04758293,0.05184509
39911,2017,39911_000003991118000048_fy201710-k.htm.txt,0.01868578,0.032064598,0.060350012,0.017396139,0.088733956,0.012288163,0.047731776,0.02787131,0.025045484,0.032016817,0.05250237,0.013834629,0.1158738,0.015533898,0.10928153,0.107214086,0.013511739,0.031708047,0.11750581,0.0608501
40211,2017,40211_000004021118000023_gatx20171231-10k.htm.txt,0.039662853,0.015567886,0.04562131,0.0056324485,0.090892255,0.0045089815,0.052460987,0.010435341,0.035755415,0.08006075,0.029724775,0.032661058,0.107823074,0.025014665,0.090362824,0.069596596,0.017295022,0.07399743,0.09907266,0.07385367
40545,2017,40545_000004054518000014_ge10-k2017.htm.txt,0.019901626,0.0148483,0.08195362,0.021091353,0.085161805,0.012081566,0.019446658,0.036383756,0.05108432,0.044216894,0.06577827,0.014365458,0.11293104,0.024739426,0.08369716,0.08189675,0.023518259,0.09596702,0.06992055,0.04101618
40570,2017,40570_000147793217006297_gee_10k.htm.txt,0.14584927,0.052380856,0.103201754,0.014938433,0.044162717,0.011663544,0.023220245,0.029144019,0.009397929,0.042009566,0.044293623,0.11190634,0.07719132,0.019952442,0.04474941,0.008426009,0.013367728,0.08217691,0.04325732,0.07871058
40704,2017,40704_000119312517217396_d363051d10k.htm.txt,0.015835075,0.024350777,0.05662286,0.007072086,0.16060974,0.021136835,0.059954,0.052779734,0.05317524,0.028342303,0.035820138,0.016956797,0.0531168,0.015856257,0.07054925,0.15325388,0.015630178,0.03864588,0.100651726,0.019640453
40987,2017,40987_000004098718000002_gpc-12312017x10k.htm.txt,0.03223588,0.025393296,0.07385278,0.017784534,0.08913182,0.006268531,0.06954743,0.045955718,0.08487049,0.019935245,0.06442831,0.040826105,0.08546749,0.015761938,0.074846596,0.09729067,0.023013813,0.044611722,0.053801805,0.034975845
42582,2017,42582_000095012318001052_gt-q4201710k.htm.txt,0.037833028,0.032286864,0.063508086,0.0074367397,0.13576372,0.01358016,0.05513291,0.028440572,0.05287049,0.055422887,0.01953723,0.018231537,0.051813062,0.022295805,0.108167134,0.071224496,0.02139502,0.07039722,0.088999614,0.0456634
42682,2017,42682_000119312518055956_d469357d10k.htm.txt,0.017701028,0.016697358,0.06408314,0.012759309,0.11740222,0.001617372,0.033575945,0.06336315,0.06004962,0.03235979,0.046899855,0.009088443,0.16036226,0.0117869,0.03688908,0.14018227,0.014571052,0.022839982,0.10443853,0.03333267
42888,2017,42888_000004288818000009_ggg1229201710-k.htm.txt,0.025967382,0.019412402,0.0546045,0.014329179,0.066978745,0.013626709,0.045890957,0.06175747,0.10248925,0.028346661,0.08518148,0.060309064,0.082709335,0.02181602,0.07699245,0.111941285,0.016240884,0.042432945,0.04694263,0.022030644
45012,2017,45012_000004501218000059_hal_12312017-10k.htm.txt,0.025296448,0.00963949,0.067292675,0.01689898,0.034560632,0.008138755,0.05983685,0.025575034,0.084361754,0.07797261,0.0720464,0.0082977,0.081607364,0.020500373,0.085693695,0.08015573,0.009185866,0.043308724,0.1422476,0.047383312
45876,2017,45876_000004587618000014_hsc-201710kx2017.htm.txt,0.015901675,0.014688056,0.075337894,0.011553595,0.06064313,0.007708856,0.032858986,0.02973613,0.035535496,0.054148547,0.058399506,0.036565065,0.11535096,0.021496622,0.11992247,0.04960548,0.011815671,0.065436535,0.10625826,0.077037044
45919,2017,45919_000004591918000022_hhs-123117x10k.htm.txt,0.043159116,0.01698342,0.073487215,0.044350535,0.025276488,0.01059947,0.023696857,0.06290971,0.014302954,0.07281962,0.13688621,0.01799329,0.061985504,0.03197802,0.06068932,0.0647519,0.008819132,0.031699765,0.14049968,0.05711179
46080,2017,46080_000119312518058659_d501434d10k.htm.txt,0.017020702,0.018345788,0.02807252,0.011362692,0.085292794,0.033990018,0.08028409,0.07652407,0.036704045,0.031955134,0.06014654,0.02457926,0.041268554,0.041932184,0.06738115,0.18246,0.009978892,0.02901139,0.08369342,0.03999673
46129,2017,46129_000110465918017478_a18-1051_110k.htm.txt,0.015022842,0.024928626,0.08629156,0.017054388,0.056119826,0.010321972,0.034673616,0.07695953,0.039165825,0.042109527,0.084291525,0.013149782,0.09455958,0.013364393,0.118221715,0.0652755,0.009823211,0.04207033,0.12338548,0.033210777
46250,2017,46250_000004625018000014_hwkn10k2018.htm.txt,0.025525758,0.029553447,0.04173537,0.007048902,0.112659864,0.031369522,0.03078779,0.025782956,0.08223797,0.049488287,0.032617625,0.034321662,0.1342322,0.0161638,0.03922111,0.094050735,0.016078351,0.05227581,0.11190152,0.032947358
46619,2017,46619_000004661917000085_hei1031201710k.htm.txt,0.051792815,0.016199674,0.067100555,0.024725411,0.118263535,0.027971407,0.023390338,0.03668353,0.06697339,0.03208374,0.069587834,0.022972345,0.081325494,0.020537717,0.06517517,0.07461297,0.015074117,0.07096757,0.045842975,0.06871944
46765,2017,46765_000155837017009052_hp-20170930x10k.htm.txt,0.03314576,0.02622312,0.058739796,0.012635877,0.09069925,0.010377,0.03418772,0.029183198,0.075433865,0.05666951,0.034030672,0.021105252,0.09949304,0.024685077,0.055788495,0.05504258,0.01294113,0.048482936,0.13546655,0.08566917
48287,2017,48287_000004828718000059_a2017form10-k.htm.txt,0.04870743,0.02058898,0.061501253,0.018601147,0.067977555,0.013993125,0.063617155,0.058781628,0.06302239,0.036922514,0.066834226,0.011391267,0.09671499,0.028872073,0.07438273,0.09412641,0.01904472,0.024753015,0.108641505,0.021525847
48465,2017,48465_000110465917074227_a17-26513_110k.htm.txt,0.050164334,0.037032217,0.04366944,0.0044077504,0.07421894,0.030692607,0.07462465,0.048255574,0.12787764,0.009147218,0.058529556,0.10607939,0.02997548,0.03750308,0.012878739,0.1585907,0.0056805103,0.0399503,0.013570671,0.037151206
48898,2017,48898_000162828018001740_hubb-20171231x10k.htm.txt,0.039652456,0.023240017,0.09541522,0.011708598,0.08948011,0.0048176465,0.031814996,0.036945425,0.03684311,0.04245471,0.059040923,0.017636897,0.12399574,0.01967474,0.08715609,0.07505329,0.017878825,0.055636764,0.083620615,0.04793387
49600,2017,49600_000004960018000009_egp1231201710k.htm.txt,0.08088974,0.031773992,0.11203895,0.005684449,0.070543125,0.008969414,0.031061042,0.029945271,0.016098648,0.04626992,0.014212745,0.017489372,0.09734581,0.0415771,0.032916028,0.01751911,0.012591172,0.14258295,0.10344545,0.08704567
49754,2017,49754_000004975418000003_din-12312017x10k.htm.txt,0.029550632,0.03400612,0.066235445,0.014697615,0.08564951,0.01663911,0.03767062,0.034570456,0.019480564,0.061949264,0.032192178,0.028663943,0.09570135,0.02598082,0.046998687,0.077384174,0.018640833,0.053093337,0.104251236,0.11664407
49826,2017,49826_000004982618000017_itw-20171231x10k.htm.txt,0.021259531,0.010201036,0.097394384,0.0060848203,0.098891415,0.00975153,0.029243492,0.07203565,0.0567529,0.02364171,0.072351575,0.035532925,0.074612856,0.013761547,0.093847826,0.1084195,0.015673945,0.04685336,0.067366496,0.04632351
50471,2017,50471_000165495417008440_pcyg10k_june302017.htm.txt,0.031042442,0.008140208,0.016469998,0.027628027,0.14147578,0.031753656,0.033548463,0.08186954,0.030509511,0.04335001,0.1109276,0.059431165,0.020213336,0.028435625,0.010624181,0.07952232,0.010515528,0.022468558,0.18467624,0.027397824
51253,2017,51253_000005125318000005_iff10k2017.htm.txt,0.031563647,0.013508701,0.06302208,0.011533144,0.059367765,0.022289399,0.04412009,0.0689343,0.060038358,0.06247555,0.053677794,0.028873239,0.06528793,0.025872787,0.10869466,0.09706243,0.024133611,0.027412435,0.09188256,0.040249556
51434,2017,51434_000005143418000008_ip10-k123117.htm.txt,0.04382074,0.016575137,0.10970573,0.013934714,0.08874424,0.011569429,0.052013155,0.01672404,0.06590445,0.055145904,0.053858675,0.037999503,0.096545495,0.021575911,0.08127233,0.07843941,0.019962436,0.05348092,0.06483096,0.017896827
51644,2017,51644_000005164418000019_ipg12311710k.htm.txt,0.03505956,0.023345975,0.06290111,0.01099287,0.0724521,0.009659064,0.056092802,0.037963215,0.011880807,0.058283806,0.10002643,0.015811678,0.09591289,0.008556041,0.117057025,0.068736576,0.015845008,0.056440175,0.069594525,0.07338832
54187,2017,54187_000120677417002894_jwmays3192169-10k.htm.txt,0.00030872526,0.00030872526,0.00030872526,0.00030872528,0.00030872526,0.06730989,0.08283568,0.06428613,0.035016328,0.08081791,0.022550311,0.07511317,0.00030872526,0.086107574,0.00030872526,0.054723512,0.012246191,0.00030872526,0.26791218,0.14861135
54480,2017,54480_000005448018000046_kcs1231201710k.htm.txt,0.03968447,0.021975568,0.04816028,0.011651024,0.07578461,0.010524049,0.06872586,0.019925911,0.062399507,0.09177569,0.04426212,0.048671734,0.058308147,0.023809172,0.08670948,0.054899883,0.01504772,0.03954806,0.11517566,0.0629611
55067,2017,55067_000162828018001872_k-2017q410xk.htm.txt,0.032497995,0.026010755,0.10270348,0.009328699,0.08277676,0.012765145,0.03652775,0.0434745,0.04299309,0.037203327,0.048338957,0.032500397,0.07869996,0.014310703,0.118322216,0.08348833,0.021800082,0.05075708,0.09173597,0.033764843
55135,2017,55135_000005513518000006_kelya-20171231x10k.htm.txt,0.028629791,0.024121616,0.09782806,0.016894992,0.06472242,0.010890487,0.041968986,0.053471476,0.012819556,0.05689906,0.11386892,0.012542372,0.08891996,0.02119927,0.09180112,0.045091793,0.02864867,0.03622326,0.10075936,0.0526988
55785,2017,55785_000005578518000014_kmb_2017xformx10k.htm.txt,0.022572687,0.03552307,0.06695016,0.0079663545,0.059275936,0.016259626,0.044354703,0.02894217,0.032276403,0.043220285,0.04379669,0.03486381,0.073444955,0.014644787,0.14806864,0.14201544,0.030801762,0.03782243,0.10272402,0.014476077
56047,2017,56047_000114036118010152_form10k.htm.txt,0.039046552,0.02042599,0.04874017,0.021486554,0.087478414,0.014386276,0.07976569,0.01925492,0.1338803,0.04090131,0.0627095,0.06440714,0.056951445,0.01376396,0.03293161,0.11404836,0.011700055,0.03645258,0.035211936,0.06645726
56873,2017,56873_000155837018002753_kr-20180203x10k.htm.txt,0.06282896,0.026713887,0.10706243,0.008997407,0.093073525,0.0073689343,0.01387235,0.023366015,0.029245628,0.04924888,0.017442727,0.05785058,0.12826478,0.012440308,0.06691187,0.06926197,0.033179823,0.093766846,0.056126736,0.042976312
57131,2017,57131_000104746917004131_a2232472z10-k.htm.txt,0.018305857,0.013950352,0.028870173,0.022876447,0.1557341,0.009505006,0.07315497,0.05367422,0.073410295,0.015026453,0.061916936,0.008390317,0.054383475,0.016715167,0.031234747,0.20582218,0.0140938535,0.013553734,0.09918601,0.030195668
57725,2017,57725_000110465917053995_a17-15987_110k.htm.txt,0.061221354,0.021225477,0.055676326,0.01212616,0.07908005,0.1306342,0.02201878,0.05219487,0.024904057,0.094334126,0.029086139,0.05849223,0.06805936,0.040646635,0.025487509,0.05300295,0.024663543,0.037710536,0.05675713,0.052678537
58492,2017,58492_000005849218000004_leg201710k.htm.txt,0.03647782,0.014544285,0.07120954,0.006552472,0.08040461,0.014267226,0.03441771,0.039358497,0.058694344,0.030648163,0.06260979,0.042753227,0.110640384,0.020942941,0.10549109,0.09936655,0.013346144,0.0464414,0.07125076,0.040583074
59255,2017,59255_000156459018005830_vhi-10k_20171231.htm.txt,0.04385716,0.015055032,0.066831015,0.012680435,0.09663394,0.016532883,0.033170886,0.01977197,0.04967537,0.08737732,0.019663207,0.026957402,0.07497557,0.05637458,0.13577272,0.057494115,0.015681595,0.059435695,0.05420342,0.05785566
59440,2017,59440_000005944018000007_a2017-10k.htm.txt,0.045529835,0.017011438,0.05688721,0.009338604,0.030628068,0.042471442,0.051331207,0.036044266,0.021097742,0.11917906,0.015761595,0.038415376,0.08027908,0.05287828,0.04011338,0.08696938,0.014608044,0.09638973,0.1055959,0.0394704
59478,2017,59478_000005947818000089_lly-20171231x10xk.htm.txt,0.012015497,0.014119541,0.053775135,0.020901449,0.048892815,0.13440973,0.039108556,0.044967122,0.020508656,0.08809246,0.028294256,0.025926897,0.06622737,0.06957628,0.10137493,0.070478484,0.022630163,0.026966164,0.066863686,0.044870846
59558,2017,59558_000005955818000009_lnc-20171231x10k.htm.txt,0.026946872,0.04051837,0.083729796,0.013395863,0.038886946,0.010635875,0.007729262,0.027637925,0.007155393,0.08179396,0.030181276,0.007893073,0.1310437,0.016538598,0.07723543,0.051694795,0.045577273,0.14348626,0.10641709,0.051502272
60086,2017,60086_000119312518046681_d522464d10k.htm.txt,0.012008404,0.026341991,0.027809974,0.012345313,0.09574147,0.008688269,0.026598126,0.05305379,0.07765037,0.0578086,0.038040876,0.010279999,0.06082265,0.03004223,0.052030496,0.07932666,0.046472408,0.07396249,0.15042268,0.060553223
60519,2017,60519_000150433718000006_lpx1231201710k.htm.txt,0.02597998,0.035276197,0.07993702,0.009991942,0.058893014,0.012871357,0.041470286,0.03444012,0.08019723,0.052713793,0.05253262,0.0061821416,0.11817438,0.029362002,0.080381654,0.09609744,0.01337067,0.051713157,0.080451414,0.039963536
60667,2017,60667_000006066718000051_form10k_02022018.htm.txt,0.034273196,0.033238377,0.05502035,0.03235128,0.063482,0.008744627,0.0379874,0.04630428,0.03476768,0.035761252,0.08101953,0.012943605,0.13485241,0.022277862,0.040708758,0.08952393,0.01728189,0.05045475,0.08672396,0.08228284
60714,2017,60714_000156459018003240_lxu-10k_20171231.htm.txt,0.06776315,0.020283336,0.040734272,0.0114689665,0.07915965,0.012749786,0.029064793,0.02845448,0.1257931,0.07423743,0.038431138,0.040046338,0.068228506,0.02965687,0.03474592,0.07567799,0.01748443,0.041691553,0.11087099,0.053457327
61004,2017,61004_000156459018006502_lgl-10k_20171231.htm.txt,0.09415253,0.010498084,0.0710317,0.014010477,0.039400965,0.025653731,0.036102608,0.044710804,0.050039817,0.051582124,0.07891932,0.04728171,0.081028275,0.026390128,0.062888384,0.068390034,0.012910074,0.05098466,0.06900857,0.065016
61398,2017,61398_000006139818000003_tell12311710-k.htm.txt,0.0445291,0.012483848,0.037783753,0.01657592,0.03818735,0.021524893,0.039189328,0.045635726,0.16564028,0.13967867,0.021877743,0.026057484,0.050966002,0.03004134,0.031835787,0.018433321,0.0064262007,0.035679713,0.18821858,0.02923496
61986,2017,61986_000156459018002976_mtw-10k_20171231.htm.txt,0.044001646,0.026626104,0.08398049,0.0098065445,0.09585036,0.017266868,0.032163322,0.03896174,0.048973516,0.034382436,0.053833794,0.029846236,0.099851914,0.023581114,0.0780138,0.05036734,0.02393484,0.06643554,0.09337633,0.048746053
