cik,year,file_name,Topic 0,Topic 1,Topic 2,Topic 3,Topic 4,Topic 5,Topic 6,Topic 7,Topic 8,Topic 9,Topic 10,Topic 11,Topic 12,Topic 13,Topic 14,Topic 15,Topic 16,Topic 17,Topic 18,Topic 19
1800,2018,1800_000104746919000624_a2237733z10-k.htm.txt,0.016741501,0.017243382,0.031538583,0.024212243,0.09519681,0.124890015,0.04132788,0.068478175,0.015279088,0.06527458,0.043181654,0.020691989,0.037920367,0.025776492,0.051973253,0.11521914,0.038803197,0.038255334,0.09148255,0.036513753
2178,2018,2178_000000217819000011_ae-20181231.htm.txt,0.01839805,0.030732226,0.070437685,0.014899866,0.09993737,0.015747147,0.024301227,0.025068408,0.13844217,0.07357869,0.025787774,0.013287416,0.08478997,0.019890007,0.030329043,0.07591376,0.019423336,0.03909801,0.08350394,0.0964339
2186,2018,2186_000165495419002033_bkti_10k.htm.txt,0.033480134,0.016280252,0.012107368,0.016210346,0.06802908,0.02294556,0.043277957,0.07009128,0.04607149,0.06441358,0.05497652,0.038582757,0.0071135545,0.017007688,0.034396045,0.12833859,0.009146614,0.004751725,0.28575134,0.027028142
2488,2018,2488_000000248819000011_amd-12292018x10k.htm.txt,0.046009544,0.020477416,0.034540158,0.029313821,0.0428124,0.038220864,0.03630238,0.050243195,0.05015817,0.06796228,0.097333185,0.02862107,0.035282597,0.06505439,0.041484438,0.08161731,0.0066309297,0.044471297,0.12633897,0.057125546
2969,2018,2969_000000296918000044_apd-10xkx30sep2018.htm.txt,0.03208183,0.008728663,0.09763247,0.0125215575,0.09761328,0.010049545,0.038372617,0.02070497,0.08657484,0.054041803,0.031154502,0.013271199,0.11683778,0.020166093,0.11292315,0.06590479,0.011248776,0.044800833,0.07732202,0.048049316
3197,2018,3197_000156459019006619_cece-10k_20181231.htm.txt,0.040166143,0.016540974,0.07875941,0.015751565,0.07786216,0.012924728,0.023532514,0.051940925,0.062871665,0.037340783,0.10009538,0.021816159,0.116647124,0.015639547,0.061648082,0.056375705,0.009523456,0.036870427,0.10303762,0.060655646
3499,2018,3499_000000349919000004_alx10-k123118.htm.txt,0.06309485,0.0225367,0.048798688,0.01983707,0.06241269,0.0094724735,0.033999953,0.02867661,0.019038105,0.089677535,0.012815971,0.025604464,0.069758765,0.05624825,0.050384685,0.023002015,0.025985653,0.09575888,0.1568,0.086096674
3545,2018,3545_000000354518000108_alco-93018x10k.htm.txt,0.094704986,0.012145801,0.059054453,0.009176785,0.08779827,0.014894856,0.025904993,0.026085677,0.054720666,0.06309165,0.031202376,0.064981736,0.073802456,0.029519752,0.047834028,0.04473367,0.0179715,0.058311183,0.12511079,0.058954403
3570,2018,3570_000000357019000030_cei2018form10-k.htm.txt,0.056973636,0.018396778,0.04402873,0.010453909,0.052208085,0.025059417,0.039132968,0.032290347,0.1216666,0.09378674,0.041919187,0.035419278,0.047941398,0.036485843,0.034307607,0.01633581,0.005823534,0.08501833,0.11563268,0.08711918
4127,2018,4127_000000412718000046_fy1810k92818.htm.txt,0.03366216,0.0088625,0.067421705,0.019909566,0.049603462,0.025803758,0.035148855,0.080471106,0.06525784,0.052741528,0.06984465,0.012439895,0.094180115,0.04616699,0.07067388,0.07777559,0.0067541115,0.024610078,0.12276722,0.035905007
4447,2018,4447_000156459019003671_hes-10k_20181231.htm.txt,0.035113007,0.030524092,0.053369828,0.019121824,0.12149404,0.024181135,0.028247781,0.015549156,0.13129118,0.04882844,0.032972373,0.021953205,0.10258358,0.032916732,0.08460162,0.041554682,0.010907641,0.06469109,0.05558851,0.04451012
4457,2018,4457_000000445719000024_march201910k.htm.txt,0.017832048,0.017781103,0.07247006,0.01967125,0.11918311,0.0063519645,0.038577333,0.033962872,0.035658583,0.044807263,0.038735267,0.012643893,0.086774305,0.024600398,0.051206503,0.076794036,0.04203307,0.112224735,0.06810706,0.08058516
4904,2018,4904_000000490419000009_aep10klegal20184q.htm.txt,0.033175837,0.024448333,0.054135293,0.05984696,0.017676283,0.019102136,0.02759319,0.04662057,0.15962128,0.097266555,0.05043999,0.025362317,0.03087805,0.026013177,0.019104492,0.04659315,0.00999322,0.070783496,0.10200044,0.07934522
5513,2018,5513_000000551319000004_unm12312018-10xk.htm.txt,0.026009155,0.037161518,0.09815658,0.014209727,0.04282119,0.011372891,0.021426523,0.036131855,0.0035293547,0.05702766,0.041750543,0.019530827,0.13341227,0.011167379,0.08259771,0.063968614,0.08402587,0.10553359,0.08460528,0.025561482
6176,2018,6176_000156459019008247_ap-10k_20181231.htm.txt,0.058496192,0.02770756,0.10696981,0.011261501,0.0557846,0.010870128,0.037680566,0.014007198,0.04910041,0.03486164,0.039033923,0.0255314,0.110697225,0.029183684,0.12543787,0.06128478,0.03453448,0.052880306,0.060255833,0.054420862
6201,2018,6201_000000620119000009_a10k123118.htm.txt,0.049663562,0.032450903,0.061040014,0.017769849,0.042060755,0.009051077,0.0528692,0.033047497,0.045693524,0.09044621,0.0437574,0.03784099,0.053516556,0.035402276,0.056960355,0.059243787,0.021705063,0.06453455,0.12498438,0.06796205
6207,2018,6207_000114420418039152_tv497791_10k.htm.txt,0.039063238,0.013505889,0.031946946,0.014431658,0.111736014,0.004153246,0.03512857,0.07437126,0.027499419,0.024068668,0.022600504,0.057704125,0.08804033,0.043704893,0.053517003,0.048943337,0.008952278,0.06464144,0.13077536,0.10521579
6951,2018,6951_000000695118000041_amat1028201810-kq42018.htm.txt,0.019741641,0.017290317,0.08394105,0.012456611,0.056451146,0.01371609,0.0185738,0.06388429,0.06996726,0.03583529,0.08321057,0.02144845,0.1024689,0.08526579,0.08228408,0.075635634,0.007993849,0.03790667,0.0809115,0.031017087
7623,2018,7623_000143774919001882_artw20181130_10k.htm.txt,0.03267729,0.031187072,0.04823613,0.013241945,0.11061316,0.019578109,0.06482278,0.040722262,0.08339138,0.018875368,0.080892876,0.031605594,0.050895765,0.024162743,0.017199501,0.13507642,0.008834931,0.03685278,0.031473126,0.11966081
8063,2018,8063_000000806319000009_atro-20181231.htm.txt,0.03306801,0.02042307,0.0686567,0.023142638,0.09685512,0.015757667,0.024085239,0.043726675,0.02747255,0.04541174,0.03871266,0.024031142,0.13059025,0.052265424,0.044626284,0.0850247,0.010931696,0.041567877,0.07521572,0.0984348
8146,2018,8146_000119312519102788_d662203d10k.htm.txt,0.020379689,0.024175955,0.032296624,0.026359545,0.10961193,0.017090613,0.032927666,0.05844494,0.047929686,0.040026266,0.086390354,0.03496048,0.05943656,0.017860798,0.056076832,0.09911919,0.0046516163,0.043350287,0.14673796,0.04217304
8177,2018,8177_000114036119006219_brhc10000339x1_10k.htm.txt,0.053818427,0.030813005,0.10956544,0.017149422,0.072105944,0.007587414,0.009705937,0.025470192,0.009442913,0.045962796,0.032573454,0.022253478,0.1659482,0.01380651,0.078871675,0.028980866,0.077444896,0.070113026,0.058569662,0.06981676
8504,2018,8504_000157570519000030_uavs_10k.htm.txt,0.09817207,0.01141703,0.02551542,0.018653538,0.027166495,0.06076918,0.021178328,0.103311926,0.046012674,0.033906117,0.08408866,0.051125057,0.03869255,0.046235483,0.01448925,0.06854878,0.013922426,0.014085745,0.19577593,0.02693336
8858,2018,8858_000000885818000047_avt-20180630x10k.htm.txt,0.038011905,0.016197909,0.063287616,0.011718696,0.12589535,0.0081384145,0.022776704,0.03572523,0.02310227,0.08672252,0.058781177,0.013169317,0.12675893,0.0073895957,0.11445809,0.04832455,0.013068157,0.054078814,0.08552673,0.04686801
8947,2018,8947_000000894719000058_azz201922810-k.htm.txt,0.041781142,0.03230125,0.0889823,0.013049043,0.058900636,0.005878287,0.016851189,0.037034377,0.048562717,0.057349797,0.06932648,0.023199948,0.09368884,0.019421281,0.0810427,0.043223564,0.011281258,0.03761286,0.10759049,0.11292181
9326,2018,9326_000162828019002288_bcpc-20181231x10xk.htm.txt,0.025502367,0.022914624,0.087267295,0.011521171,0.04963278,0.04240906,0.022583947,0.042538438,0.0731698,0.054375514,0.064295165,0.019129872,0.103195526,0.020802828,0.08782001,0.08517024,0.022122234,0.036819924,0.06366096,0.065068245
9389,2018,9389_000155837019000909_bll-20181231x10k.htm.txt,0.03346078,0.03081153,0.086653955,0.005860945,0.08680125,0.011182713,0.03874687,0.026682746,0.06268536,0.06886136,0.0399984,0.014434047,0.08480934,0.024300845,0.10921929,0.05452656,0.017310988,0.057041936,0.067010246,0.07960086
10254,2018,10254_000001025419000038_este-12312018x10kv2.htm.txt,0.04887403,0.021421324,0.057433072,0.013972526,0.036469392,0.014686943,0.028841408,0.028169662,0.16726975,0.1083536,0.02235161,0.042304464,0.107141145,0.033340175,0.04807602,0.021342508,0.007158961,0.036297407,0.12641017,0.030085836
10329,2018,10329_000143774919000960_bset20181124_10k.htm.txt,0.03453603,0.021133032,0.11047278,0.011781372,0.06730725,0.007963339,0.047706705,0.01987594,0.051042795,0.025754964,0.061837286,0.031462424,0.13158558,0.018463306,0.05185216,0.11446859,0.01466023,0.03262424,0.052233253,0.09323871
10456,2018,10456_000156459019003727_bax-10k_20181231.htm.txt,0.041892294,0.015363061,0.06957098,0.017781867,0.09935851,0.04180941,0.029845333,0.043046005,0.026403595,0.06333633,0.042035013,0.03827601,0.1014703,0.02702183,0.09387163,0.046737388,0.02433735,0.038718022,0.08086822,0.058256857
13156,2018,13156_000156459019010241_glxz-10k_20181231.htm.txt,0.06872527,0.018282266,0.07524089,0.023037167,0.055458084,0.04573499,0.040543284,0.048189167,0.019276368,0.07693517,0.08592185,0.089660056,0.059108306,0.051953282,0.024485575,0.035386298,0.010614707,0.0419444,0.03374134,0.09576155
14177,2018,14177_000149315219000765_form10-k.htm.txt,0.012776353,0.012241883,0.03698361,0.015874434,0.12375219,0.023207495,0.025167858,0.06806509,0.116580434,0.04487316,0.08079401,0.008677777,0.023859845,0.0085542835,0.028215999,0.19124565,0.020269157,0.007359571,0.13763912,0.013862072
14707,2018,14707_000001470719000020_cal2019020210-k.htm.txt,0.044931017,0.028668214,0.081867285,0.01094241,0.06051348,0.016779594,0.038287304,0.036489766,0.03965213,0.026381006,0.04506523,0.032797113,0.12503988,0.018814242,0.06372091,0.1482851,0.013807465,0.03952421,0.06956948,0.058864176
14846,2018,14846_000001484618000041_brt-20180930.htm.txt,0.043299332,0.021485949,0.06396236,0.0069079753,0.08003459,0.0059539354,0.017213015,0.03872458,0.0109238,0.051088057,0.022974987,0.03817742,0.08816006,0.131063,0.04439782,0.032309003,0.020640178,0.11945969,0.11779367,0.04543059
15357,2018,15357_000114420418050884_tv503084_10k.htm.txt,0.044209473,0.013403342,0.059263844,0.0028695266,0.24384366,4.7070975e-05,0.04032957,0.020975716,0.047021307,0.017922582,0.016189119,0.07337697,0.037606798,0.0056828824,0.06120972,0.18881322,0.007715131,0.018802127,0.035881598,0.06483634
15847,2018,15847_000143774918013553_buks20180430_10k.htm.txt,0.06167443,0.0346135,0.0841799,0.008825898,0.049227748,0.022556072,0.030505238,0.034125704,0.05014568,0.07665414,0.07030827,0.027173238,0.055854194,0.020209527,0.032943,0.04043768,0.021255704,0.034456715,0.1603541,0.0844993
16040,2018,16040_000156459018029997_cbt-10k_20180930.htm.txt,0.024880575,0.0076387376,0.06711242,0.008838958,0.101551235,0.015616084,0.040949352,0.02915294,0.085652344,0.050094787,0.044472385,0.02566195,0.11354625,0.027298486,0.11060915,0.08199317,0.012522888,0.046609975,0.06949225,0.03630609
16160,2018,16160_000001616018000071_calm-2018x06x02x10k.htm.txt,0.06401727,0.027216548,0.057208166,0.011956302,0.12304288,0.02239211,0.022394212,0.023095887,0.057918116,0.07602126,0.020984804,0.03631767,0.078107834,0.045075335,0.037916586,0.13768248,0.009224442,0.029675215,0.09084847,0.02890439
16732,2018,16732_000001673218000062_cpb-7292018x10xk.htm.txt,0.029592434,0.016048292,0.110026725,0.008644105,0.101440236,0.015397694,0.023894807,0.051904466,0.05165015,0.02488817,0.04865011,0.015914626,0.12552947,0.015146995,0.07472144,0.095464855,0.023098527,0.05340818,0.08419307,0.030385666
18230,2018,18230_000001823019000034_cat_10-kx12312018.htm.txt,0.0237373,0.027025824,0.078153335,0.012570361,0.08974815,0.007728949,0.04279768,0.02557821,0.06939003,0.040497318,0.05147674,0.012208425,0.08963906,0.015525147,0.09153848,0.102972075,0.019879743,0.06956751,0.08719397,0.04277168
18255,2018,18255_000001825519000010_cato10k2018.htm.txt,0.028486488,0.03090478,0.0098871505,0.02516621,0.11508805,0.009659118,0.03066371,0.03288206,0.04086275,0.037238218,0.034729026,0.0077110557,0.041914474,0.004404634,0.01885865,0.12558241,0.017774751,0.017219832,0.34265664,0.028309975
18349,2018,18349_000001834919000021_snv-12312018x10k.htm.txt,0.04855664,0.060866784,0.06964883,0.021037286,0.046594948,0.008480477,0.009099525,0.04455954,0.00797412,0.10817289,0.053868983,0.006356983,0.09004244,0.010559737,0.05689229,0.028887171,0.01252511,0.16662888,0.11136585,0.037881546
18498,2018,18498_000001849819000016_a2018taxonomygcofy201910-k.htm.txt,0.032483082,0.031200869,0.08396921,0.018575419,0.1162175,0.010915883,0.03793158,0.01957547,0.03382355,0.0620365,0.026127601,0.04212063,0.09563553,0.02175487,0.06739795,0.09518564,0.014823369,0.0341963,0.10826641,0.047762685
19584,2018,19584_000115752319000468_a51945094.htm.txt,0.018572815,0.013860497,0.023085963,0.039233435,0.020208295,0.06530387,0.033955585,0.06032094,0.011127346,0.21157041,0.05444404,0.02488673,0.0071146367,0.014923558,0.0060137203,0.01835491,0.09902411,0.029540712,0.18548866,0.062969744
19745,2018,19745_000162828019002015_cpk1231201810-k.htm.txt,0.025293449,0.019662647,0.07005264,0.014781219,0.06699192,0.012775228,0.01674726,0.03167159,0.17244317,0.049317904,0.03709861,0.023767518,0.05447776,0.0085322345,0.06320193,0.0773336,0.008874676,0.05008125,0.113040574,0.08385487
19871,2018,19871_000119312519080761_d602165d10k.htm.txt,0.016207127,0.018986624,0.01802557,0.02692409,0.098105915,0.0029611932,0.040222958,0.06662696,0.10228209,0.040397,0.09059822,0.012704648,0.003864347,0.013062646,0.016366133,0.14681625,0.011472029,0.015495609,0.24827622,0.010604338
20212,2018,20212_000002021219000012_chdn2018123110k.htm.txt,0.05272088,0.039616115,0.047932256,0.014169196,0.08746363,0.019222282,0.033495326,0.038547378,0.02652202,0.11561107,0.059533257,0.04811653,0.07310145,0.048258543,0.036546364,0.026793867,0.013784982,0.031506505,0.11913555,0.06792277
20520,2018,20520_000002052019000005_ftr-20181231x10k.htm.txt,0.050149642,0.023718266,0.052205093,0.0318855,0.110037506,0.014072924,0.042143445,0.040783193,0.009497721,0.07801996,0.0827736,0.031176522,0.077789076,0.017739154,0.047770828,0.04451993,0.018522976,0.069310136,0.07595857,0.08192596
21076,2018,21076_000002107618000011_fy18clx10k.htm.txt,0.04392099,0.02019793,0.044894453,0.027512502,0.017638713,0.022295924,0.042242832,0.079818234,0.050901584,0.06581016,0.048203025,0.08776897,0.024647491,0.03383489,0.054078598,0.09399903,0.01427699,0.016814098,0.19439119,0.016752379
21175,2018,21175_000002117519000022_cna2018q4.htm.txt,0.017847098,0.036896158,0.08168969,0.011595279,0.06690455,0.011807549,0.016587332,0.02566341,0.008407503,0.050946884,0.03926581,0.013225555,0.14820611,0.025453115,0.0893089,0.03912391,0.081671484,0.084025316,0.10081328,0.05056106
21535,2018,21535_000143774919004933_cohu20181229_10k.htm.txt,0.04304638,0.019980121,0.07314246,0.009180099,0.092392184,0.016749091,0.021397099,0.05720574,0.051356155,0.032835778,0.043666895,0.026213545,0.13014613,0.014043947,0.08971358,0.058477785,0.0071467026,0.052531816,0.103056505,0.057717968
21665,2018,21665_000002166519000003_cl-12312018x10k.htm.txt,0.0296575,0.015018624,0.12967522,0.012772431,0.067885466,0.010518549,0.0337284,0.039772946,0.032782067,0.066678725,0.03968311,0.015065875,0.0706665,0.0192026,0.1050891,0.12227941,0.029435085,0.032341372,0.09038435,0.037362665
22356,2018,22356_000002235619000013_cbsh1231201810k.htm.txt,0.023638913,0.050316136,0.076944806,0.014585251,0.117996655,0.006677617,0.011164698,0.020870466,0.008626263,0.03884263,0.042053204,0.01083651,0.109264076,0.00976912,0.05375573,0.056587387,0.010776129,0.23929586,0.03634075,0.061657816
23194,2018,23194_000156459019005805_crk-10k_20181231.htm.txt,0.047623955,0.030340664,0.050262824,0.009132556,0.066783994,0.009384437,0.027194973,0.03207384,0.17000005,0.080223754,0.019593341,0.03111637,0.12302084,0.024224564,0.060713284,0.029449902,0.007763669,0.043819685,0.10131278,0.03596454
23197,2018,23197_000002319718000076_cmtl0731201810k.htm.txt,0.025247859,0.025673501,0.051053397,0.035753407,0.07458217,0.024591533,0.046113808,0.057218175,0.03721878,0.07715268,0.10141256,0.013382987,0.049162365,0.033227056,0.050484862,0.07066208,0.012352628,0.027898354,0.1163813,0.07043052
23217,2018,23217_000002321718000005_cag-2018x10k.htm.txt,0.04838423,0.017224338,0.06448448,0.009561359,0.0784756,0.037230514,0.024758346,0.030904235,0.039780572,0.057201885,0.03514888,0.041405592,0.12875408,0.03523858,0.057732426,0.06636046,0.017391667,0.04822992,0.11109971,0.050633136
23795,2018,23795_000155837019001302_cto-20181231x10k.htm.txt,0.11438537,0.023209108,0.03838796,0.003926974,0.13591534,0.010423713,0.0358565,0.01780717,0.023354935,0.04901852,0.008452272,0.041724097,0.06640449,0.057055075,0.03377257,0.041823488,0.008592896,0.13110009,0.069349945,0.089439504
24545,2018,24545_000002454519000007_tap2018123110-k.htm.txt,0.035442866,0.013406117,0.098141134,0.0075046043,0.071384616,0.010470391,0.059562143,0.033485927,0.041346256,0.041909937,0.036475956,0.01712485,0.103406295,0.026471263,0.089847505,0.10434143,0.014104044,0.05618803,0.09954154,0.039845068
25232,2018,25232_000002523219000006_form10-kdecember312018.htm.txt,0.055798955,0.030729933,0.07495836,0.0060922108,0.058083992,0.011189529,0.02352909,0.04007975,0.017514404,0.045723476,0.017951068,0.02456718,0.12194614,0.05602136,0.044510312,0.025148077,0.011136597,0.10303583,0.13538375,0.09659998
25445,2018,25445_000162828019001892_cr-20181231x10k.htm.txt,0.020927649,0.020885961,0.06632687,0.012643581,0.08761809,0.018778516,0.02877394,0.028074209,0.039656453,0.07419865,0.043572746,0.016920403,0.14883883,0.034939118,0.06386258,0.07912032,0.022476146,0.05308622,0.084091164,0.055208534
25743,2018,25743_000138713119001471_txmd-10k_123118.htm.txt,0.041760948,0.015894156,0.053697083,0.02496405,0.040365327,0.18935685,0.022939919,0.05387631,0.018107545,0.12388047,0.03238165,0.027687622,0.04457234,0.050780162,0.016246744,0.04687918,0.039472044,0.023205722,0.070392,0.06353987
26172,2018,26172_000002617219000009_cmi201810-kdocument.htm.txt,0.025622822,0.019226266,0.06863812,0.027103724,0.08523808,0.013575309,0.05016039,0.033906672,0.07206075,0.04098055,0.0630195,0.014392877,0.082371235,0.038227532,0.089000635,0.106060445,0.013709793,0.04594969,0.06987352,0.04088211
26324,2018,26324_000002632419000003_a20181231-10k.htm.txt,0.024540452,0.019106366,0.074093886,0.017133188,0.082437724,0.015789649,0.033141114,0.045814637,0.053677864,0.043159384,0.05909262,0.013974891,0.09098993,0.032165952,0.059457228,0.08789256,0.030206492,0.035459913,0.10765662,0.07420953
26780,2018,26780_000002678019000004_dan-20181231x10k.htm.txt,0.027502539,0.02111422,0.07650125,0.010827852,0.07824907,0.0121455155,0.040958554,0.04135346,0.05712955,0.030760959,0.05417604,0.013642069,0.10008816,0.019647233,0.11239081,0.120338865,0.016546216,0.059927326,0.069435894,0.0372644
27673,2018,27673_000155837018009728_jdcc-20181028x10k.htm.txt,0.020286407,0.045429934,0.056042925,0.014467105,0.099046364,0.03636962,0.028946105,0.015380515,0.04784865,0.06650183,0.014742908,0.010800126,0.047107875,0.0074400003,0.09351738,0.048759356,0.009814674,0.1360297,0.084413715,0.1170548
27904,2018,27904_000002790419000003_dal1231201810k.htm.txt,0.038627442,0.03169476,0.04304926,0.014238859,0.05702233,0.0157796,0.05673768,0.031178001,0.064727515,0.04590459,0.0657793,0.023836197,0.080042385,0.040449426,0.04617073,0.069925286,0.027965784,0.060734022,0.10297414,0.083162695
27996,2018,27996_000002799619000036_a2018123110-k.htm.txt,0.018975174,0.023126861,0.07043907,0.03170425,0.067936875,0.007528665,0.0210486,0.05395944,0.021308165,0.033211228,0.11902292,0.025675904,0.13805807,0.018830167,0.053530555,0.08926322,0.016779458,0.024161443,0.09748564,0.06795427
29002,2018,29002_000156459019003715_diod-10k_20181231.htm.txt,0.039976824,0.021781962,0.063988134,0.0144607555,0.076436825,0.01752038,0.04492903,0.052140225,0.061286766,0.045462392,0.06565032,0.01621929,0.05305523,0.02632709,0.08235877,0.07092919,0.008092751,0.06101564,0.13972834,0.03864007
29534,2018,29534_000155837019002383_dg-20190201x10k.htm.txt,0.047464717,0.024690874,0.06687543,0.014373585,0.06325649,0.015254407,0.030183187,0.053759806,0.034087133,0.08094156,0.039976347,0.046257883,0.09562884,0.01491759,0.05036451,0.10047597,0.020059844,0.047527883,0.105078824,0.0488251
29905,2018,29905_000002990519000019_wfx-20181231.htm.txt,0.042611685,0.015404042,0.08254577,0.01220116,0.13456519,0.017160852,0.028492965,0.043004543,0.05137021,0.037670072,0.084912054,0.019771794,0.08165209,0.017635155,0.0878247,0.07603068,0.01370995,0.044681914,0.059573244,0.04918189
30305,2018,30305_000162828019002279_dco10-k2018.htm.txt,0.02162251,0.021875314,0.08738551,0.0097622285,0.064337686,0.016580869,0.021287866,0.042956647,0.04989417,0.058465503,0.067148715,0.011524883,0.103075586,0.013426118,0.06482012,0.06237479,0.014763303,0.05646845,0.11164878,0.10058091
30625,2018,30625_000003062519000009_fls12312018financialstatem.htm.txt,0.013410103,0.015248391,0.092294775,0.019106997,0.07912248,0.00923207,0.034656774,0.055960048,0.060464837,0.04132411,0.09527838,0.008681154,0.08432002,0.020498527,0.06918823,0.084246956,0.02205986,0.038319297,0.103322685,0.053264346
31462,2018,31462_000155837019001379_ecl-20181231x10k.htm.txt,0.034817044,0.010110984,0.073497325,0.0095554255,0.0868479,0.020629913,0.041400976,0.020988945,0.07450157,0.08194773,0.06906682,0.014315045,0.07963594,0.018424751,0.13809077,0.055196926,0.023814786,0.04011516,0.057858285,0.04918366
32621,2018,32621_000156459019023597_msn-10k_20190331.htm.txt,0.032388926,0.02331185,0.08677002,0.018122002,0.04984179,0.01073256,0.042193204,0.05459857,0.03068474,0.044773668,0.043609306,0.034218777,0.06480011,0.036191437,0.055214815,0.12826249,0.009921103,0.012294647,0.123422116,0.098647855
33002,2018,33002_000156459019015928_ebf-10k_20190228.htm.txt,0.048037585,0.029138109,0.07594567,0.016035255,0.12264784,0.012476627,0.024299616,0.04194497,0.053183097,0.032966543,0.043344337,0.022844791,0.10915621,0.00782217,0.045663465,0.09170581,0.012934145,0.035872586,0.11110467,0.062876485
33185,2018,33185_000003318519000007_efx10k20181231.htm.txt,0.03180452,0.025584886,0.06814232,0.04802226,0.05138211,0.010422267,0.03544825,0.03663522,0.007290019,0.123835966,0.10570993,0.031293575,0.08075745,0.04072474,0.05770041,0.053762883,0.019359365,0.047399506,0.073451586,0.051272705
33213,2018,33213_000003321319000006_eqt1231201810k.htm.txt,0.0480276,0.028169103,0.056634724,0.0103520285,0.037109166,0.014343792,0.02032918,0.029579444,0.1342331,0.110761486,0.02439375,0.04272689,0.118536465,0.025142761,0.064338505,0.03315722,0.006465519,0.042036727,0.11061824,0.043044273
33533,2018,33533_000117494718001151_form10k-20796_esp.htm.txt,0.026394354,0.0030771159,0.031383898,0.006543708,0.12986702,0.018464996,0.032173228,0.0702731,0.06682943,0.016745657,0.06687722,0.011264384,0.031733554,0.003535029,0.05135646,0.14943185,0.024468333,0.040363792,0.11688157,0.102335304
33992,2018,33992_000165495419002863_kins_10k.htm.txt,0.06042848,0.009427511,0.021929283,0.02588483,0.11135514,0.0050238282,0.026265359,0.036962483,0.010873922,0.055950373,0.026990907,0.1281872,0.03184859,0.009869388,0.015510147,0.06618221,0.05943577,0.03714393,0.2381499,0.022580728
34285,2018,34285_000107997419000137_rlby-20181231.htm.txt,0.13349272,0.009913007,0.0732461,0.0022077656,0.008867675,0.02751843,0.04539109,0.12245805,6.006247e-05,0.05669384,0.044638652,0.037655585,0.030451264,0.0059541953,0.022892985,0.026227698,0.0016732988,0.04296297,0.29991236,0.0077822614
36029,2018,36029_000119312519043555_d683596d10k.htm.txt,0.04335036,0.059648115,0.039215192,0.01409267,0.041627984,0.006879759,0.028514484,0.060550038,0.013249195,0.09592463,0.050395377,0.014046314,0.06577141,0.016225375,0.03053071,0.032506105,0.010267648,0.1529313,0.19811217,0.026161171
36146,2018,36146_000156459019003267_trmk-10k_20181231.htm.txt,0.03135935,0.038919672,0.100195915,0.013268005,0.10334949,0.008420841,0.014983823,0.019827174,0.009854032,0.06914461,0.029594855,0.008586468,0.14129661,0.018153422,0.052650034,0.034080543,0.01931164,0.1670258,0.04984315,0.07013455
36270,2018,36270_000156459019003467_mtb-10k_20181231.htm.txt,0.044116244,0.046109706,0.08004325,0.0115671,0.081376314,0.009094649,0.015815228,0.013497703,0.0046000495,0.07977534,0.03273751,0.027131097,0.10292832,0.015692567,0.06627248,0.02629602,0.014012553,0.23378327,0.05311712,0.042033475
37472,2018,37472_000089710118000887_flexsteel182008_10k.htm.txt,0.02081547,0.010498849,0.02557953,0.042587757,0.07767481,0.013892289,0.051021326,0.050693035,0.059395038,0.06576961,0.08868471,0.062415462,0.017534772,0.0132503975,0.018128421,0.11063258,0.019535568,0.0111799,0.18487352,0.05583699
37808,2018,37808_000003780819000005_fnb-10xk2018xq4.htm.txt,0.03838727,0.05173805,0.075343765,0.018727126,0.04783498,0.0105020935,0.011809377,0.034976825,0.008490161,0.1152986,0.054802433,0.0116890175,0.098711126,0.010613196,0.056068152,0.03541997,0.016151512,0.17995632,0.08972365,0.033756394
38264,2018,38264_000100329718000182_fi10k.htm.txt,0.01775206,0.010161227,0.019571334,0.008040969,0.09172258,0.033018507,0.023469884,0.055353522,0.052166793,0.0041376394,0.10992919,0.01919472,0.041996874,0.013290576,0.049140755,0.16481073,0.009176753,0.013265882,0.2335938,0.030206168
38723,2018,38723_000137647419000061_ff_10k.htm.txt,0.0689913,0.023175245,0.11324743,0.028029626,0.00965432,0.025165088,0.0122953635,0.02281275,0.002427413,0.09422888,0.07017168,0.11156805,0.01743375,0.011007644,0.039709408,0.014279,0.042957023,0.09217228,0.1563696,0.04430417
38777,2018,38777_000003877718000233_form10k93018.htm.txt,0.051603515,0.01642185,0.04575676,0.029235007,0.04711069,0.011777229,0.043678407,0.034044944,0.010341555,0.12636563,0.07500655,0.013572108,0.05608597,0.014726311,0.076056115,0.07498553,0.010708815,0.122769654,0.09419833,0.045555025
39899,2018,39899_000003989919000011_tgna-20181231x10k.htm.txt,0.056847084,0.032300673,0.08034066,0.013430261,0.101507835,0.013743379,0.061053965,0.03390087,0.021430954,0.042906776,0.06688401,0.030269666,0.114839435,0.01633424,0.060162235,0.061047293,0.016962845,0.06979766,0.045416303,0.060823876
39911,2018,39911_000003991119000023_fy201810-k.htm.txt,0.025718838,0.03208975,0.06878521,0.016460907,0.07207835,0.013634521,0.05274213,0.03324929,0.02600829,0.033627544,0.05995168,0.016916301,0.1028612,0.017706273,0.08191727,0.103629515,0.01434258,0.038588744,0.12321706,0.06647453
40211,2018,40211_000004021119000020_gatx20181231-10k.htm.txt,0.04257628,0.014709373,0.044807427,0.0058074463,0.08509276,0.005242651,0.053603433,0.010360766,0.037104733,0.075781025,0.026139442,0.02662869,0.10377273,0.022223517,0.090926655,0.07037487,0.016117636,0.07926439,0.10285677,0.086609386
40545,2018,40545_000004054519000014_ge10-k2018.htm.txt,0.019290166,0.0168262,0.08135371,0.021253353,0.080552585,0.012228555,0.01805618,0.038243577,0.045119952,0.04099464,0.06100305,0.014202794,0.109394394,0.021256497,0.078446455,0.08143912,0.031918533,0.10467887,0.06952998,0.05421135
40570,2018,40570_000147793218006156_job_10k.htm.txt,0.11928717,0.036294293,0.08487083,0.016367292,0.071600296,0.010252711,0.033881728,0.03479583,0.010587042,0.037703343,0.066518396,0.1178877,0.07314973,0.016153697,0.05247178,0.01672028,0.017582377,0.067369565,0.05179423,0.06471169
40704,2018,40704_000119312518209377_d564680d10k.htm.txt,0.013871255,0.024473712,0.056556083,0.0063833003,0.15991016,0.026375452,0.05617151,0.057702973,0.047705796,0.028321994,0.040412284,0.011043089,0.05717286,0.014691496,0.076403745,0.14770408,0.015396233,0.0368774,0.10571967,0.017106881
40987,2018,40987_000004098719000015_gpc-12312018x10k.htm.txt,0.030925151,0.022204993,0.0868685,0.019853275,0.058532275,0.008256151,0.06066103,0.04238913,0.07800097,0.02134932,0.068545,0.043464568,0.09359541,0.01535585,0.080376185,0.08656701,0.025918579,0.03851959,0.07003588,0.04858113
42582,2018,42582_000095012319000989_gt-q4201810k.htm.txt,0.03360362,0.032795116,0.06694815,0.008588346,0.12719278,0.01284158,0.05463111,0.029221397,0.05668608,0.055231694,0.01845819,0.018159973,0.050263375,0.020943984,0.11261808,0.07120422,0.019985987,0.06749246,0.09504676,0.048087068
42682,2018,42682_000119312519062355_d713244d10k.htm.txt,0.015567495,0.012823671,0.045353033,0.011460207,0.10744795,0.0013514113,0.03408173,0.057516184,0.06544149,0.03424249,0.049709216,0.009173628,0.14777191,0.010831393,0.04465477,0.14678127,0.013447651,0.027601466,0.1103227,0.05442032
42888,2018,42888_000004288819000011_ggg1228201810-k11.htm.txt,0.030251907,0.01901285,0.04906168,0.017988693,0.06381825,0.013170594,0.05094756,0.059208293,0.10035212,0.02402204,0.0846589,0.06449635,0.07271265,0.023948153,0.08272957,0.11063987,0.013921391,0.04052272,0.05409707,0.024439316
45012,2018,45012_000004501219000044_hal12312018-10k.htm.txt,0.017757263,0.008768591,0.058089763,0.018741002,0.031120287,0.008187368,0.060658924,0.029897727,0.093774,0.078791894,0.08030531,0.007632684,0.0806059,0.023352046,0.06664532,0.07111683,0.008616309,0.03780823,0.15784477,0.06028584
45876,2018,45876_000004587619000007_hsc-201810kx2018.htm.txt,0.022116171,0.019616459,0.0710435,0.012169385,0.054838274,0.006257552,0.031304773,0.023883412,0.042103816,0.056218907,0.06291724,0.030663546,0.12257365,0.021509537,0.11640918,0.04946958,0.013525597,0.05744422,0.0981876,0.08774759
45919,2018,45919_000004591919000013_hhs-123118x10k.htm.txt,0.03742728,0.014452741,0.07184363,0.0456516,0.030154662,0.016305408,0.026208213,0.05820492,0.012666194,0.0672304,0.1421933,0.018968388,0.040496267,0.027970834,0.05420075,0.06298266,0.010467709,0.033106487,0.14163963,0.087828934
46080,2018,46080_000119312519052025_d678728d10k.htm.txt,0.015328578,0.018859569,0.024232691,0.009982291,0.09222826,0.032717213,0.075362936,0.081781015,0.039904345,0.032608833,0.06478692,0.02104752,0.039133254,0.040302593,0.063409366,0.18813415,0.010711555,0.025578886,0.08178498,0.042105023
46129,2018,46129_000110465919014558_a19-30076_110k.htm.txt,0.020397287,0.02657677,0.077791385,0.018490322,0.058364097,0.009262718,0.031886905,0.0694791,0.04172928,0.03950685,0.084468715,0.014021532,0.11618254,0.01553384,0.09977484,0.06313424,0.007957239,0.046291318,0.112219125,0.04693187
46250,2018,46250_000004625019000017_hwkn10k2019.htm.txt,0.027451942,0.03175358,0.039762728,0.007218298,0.086803585,0.032393426,0.029895823,0.023661753,0.08622835,0.052631304,0.03299986,0.028949097,0.13068694,0.015983583,0.03624896,0.110539325,0.016478455,0.04581512,0.11813903,0.046358895
46619,2018,46619_000004661918000117_hei1031201810k.htm.txt,0.047277134,0.010413871,0.073169634,0.024519619,0.11402743,0.027887052,0.024128344,0.036759004,0.07181597,0.037970744,0.06848331,0.02255535,0.07880058,0.020212973,0.07091979,0.073266275,0.017340949,0.060810175,0.05056857,0.06907324
46765,2018,46765_000155837018009412_hp-20180930x10k.htm.txt,0.033593956,0.030552737,0.045228355,0.012173537,0.11615565,0.009263744,0.032449003,0.036037505,0.07522682,0.061330926,0.0505006,0.023544906,0.09020992,0.021555157,0.068418965,0.046522666,0.017362062,0.04674356,0.127353,0.05577688
48287,2018,48287_000004828719000045_a2018form10-k.htm.txt,0.06180922,0.028650612,0.07674174,0.019479407,0.06980208,0.012700672,0.06499735,0.049229875,0.06337968,0.035124656,0.056243576,0.01206762,0.10232754,0.027754117,0.061991386,0.08407533,0.018351149,0.02806239,0.09985674,0.02735481
48465,2018,48465_000004846518000046_hormel_2018x10k.htm.txt,0.026474161,0.014920136,0.11455713,0.004016598,0.101814,0.019685397,0.028236877,0.028797306,0.050161887,0.031039678,0.036257952,0.029145068,0.15383846,0.015601081,0.079219505,0.109104685,0.016839355,0.0426081,0.049132988,0.048549596
48898,2018,48898_000162828019001446_hubb-20181231x10k.htm.txt,0.033778224,0.022066247,0.101408735,0.0152767915,0.07392762,0.0060758074,0.03454973,0.03597896,0.036888104,0.045077857,0.05567908,0.017988902,0.11892373,0.019219115,0.07603926,0.07403299,0.01740147,0.059789732,0.095173866,0.060723785
49600,2018,49600_000004960019000007_egp1231201810k.htm.txt,0.121305354,0.03554372,0.07861314,0.006957738,0.049672443,0.009447719,0.034220144,0.016242584,0.013979955,0.08229401,0.008294227,0.010497744,0.05760572,0.04884511,0.13301829,0.01722458,0.012021324,0.12706181,0.069836505,0.06731791
49754,2018,49754_000004975419000004_din-12312018x10k.htm.txt,0.037851524,0.034338456,0.06596004,0.015827244,0.0843188,0.016996562,0.037123397,0.035220366,0.017861912,0.06070337,0.032255832,0.031651415,0.088337325,0.02985449,0.038434844,0.073305905,0.018865429,0.056741286,0.09689962,0.12745216
49826,2018,49826_000004982619000021_itw-20181231x10k.htm.txt,0.018026162,0.008272245,0.08985873,0.008247862,0.09315374,0.00798703,0.032379232,0.07570975,0.07081671,0.02529987,0.07348175,0.020654492,0.06495511,0.015511475,0.08666138,0.12428457,0.017336449,0.042253472,0.072140954,0.052968998
50471,2018,50471_000165495418010155_pcyg10k_june302018.htm.txt,0.03630757,0.0016638016,0.015076259,0.034067433,0.06754224,0.003370285,0.045734756,0.060850132,0.026930906,0.038653057,0.104839094,0.057223696,0.028728068,0.02331935,0.025908127,0.10635067,0.018497042,0.025068305,0.24927554,0.03059366
51253,2018,51253_000005125319000004_iff10k2018.htm.txt,0.03210696,0.014444585,0.06957661,0.011147777,0.06483266,0.024234258,0.03683154,0.066474564,0.06620693,0.05594607,0.0528758,0.029384036,0.07809463,0.025401572,0.09483548,0.08065072,0.016856045,0.034548514,0.092500776,0.05305044
51434,2018,51434_000005143419000007_a10-k123118.htm.txt,0.046194322,0.0168231,0.08517732,0.0134496065,0.085349225,0.011114489,0.057163097,0.016324967,0.07249358,0.05649316,0.053238574,0.038307637,0.098842904,0.024761457,0.07657528,0.0846955,0.021625156,0.056024693,0.0604136,0.024932295
51644,2018,51644_000005164419000009_ipg12311810k.htm.txt,0.03924664,0.022916196,0.06438581,0.015265209,0.058035553,0.0091434745,0.05398017,0.039314963,0.012867539,0.056387383,0.111875266,0.020195767,0.0856938,0.009448192,0.103757165,0.062098086,0.015015384,0.05836432,0.06525134,0.09675776
54187,2018,54187_000120677418002890_jwmays3363316-10k.htm.txt,0.046468243,0.010479164,0.05738279,0.0061753164,0.010243695,0.017798956,0.07821229,0.05198193,0.01967398,0.07539994,0.009156137,0.13547836,0.036066495,0.07698141,0.0022847354,0.008202086,0.0110104745,0.054292485,0.11021231,0.18249922
54480,2018,54480_000005448019000012_kcs1231201810k.htm.txt,0.03282653,0.020163177,0.048376005,0.012223629,0.08749741,0.009681467,0.06656151,0.017696982,0.060570933,0.089614004,0.040622137,0.052170888,0.063300595,0.023829333,0.10202627,0.047800217,0.013274689,0.043649748,0.112680264,0.05543423
55067,2018,55067_000162828019001864_k-2018q410xk.htm.txt,0.034247085,0.020943731,0.089062996,0.012605838,0.076856606,0.013737704,0.040012088,0.043687828,0.04570238,0.038518116,0.044995137,0.030828897,0.08699292,0.016843354,0.10040549,0.08807487,0.023335487,0.05239488,0.09953409,0.041220553
55135,2018,55135_000005513519000006_kelya-20181230x10k.htm.txt,0.03029253,0.025465975,0.09216594,0.018294003,0.054878034,0.009913146,0.039354607,0.05547253,0.013463816,0.056583475,0.117720515,0.010856998,0.084864125,0.020244721,0.08724985,0.04243912,0.032603752,0.042811636,0.10002553,0.06529965
55785,2018,55785_000005578519000013_kmb_2018xformx10k.htm.txt,0.018739784,0.03368574,0.064599685,0.0084732575,0.06120196,0.012215465,0.043992903,0.024812201,0.033362668,0.04388436,0.048406836,0.036074266,0.07384597,0.012880604,0.15769449,0.14302988,0.028795661,0.038557697,0.1008189,0.014927627
56047,2018,56047_000114036119003795_form10k.htm.txt,0.026952885,0.020878496,0.034512967,0.02415233,0.10358242,0.015296043,0.073187105,0.029296199,0.14041936,0.041162904,0.07558241,0.048883237,0.035228442,0.013673162,0.020697178,0.14242528,0.012691636,0.024625747,0.054845043,0.061907165
56873,2018,56873_000155837019002756_kr-20190202x10k.htm.txt,0.061378445,0.026297178,0.090892546,0.0070610084,0.09809701,0.0068832263,0.016240306,0.021458987,0.031830918,0.043424543,0.019280544,0.063887015,0.12584479,0.012884461,0.07065069,0.072663985,0.027995752,0.09714502,0.055739388,0.05034419
57131,2018,57131_000110465918041060_a18-13038_110k.htm.txt,0.035212822,0.01551903,0.07689645,0.0190499,0.14833671,0.00821947,0.055394527,0.0333211,0.051693745,0.029707504,0.043059837,0.015707267,0.100371085,0.016811252,0.06804285,0.12936944,0.01459053,0.03866972,0.048356857,0.05166992
57725,2018,57725_000110465918053976_a18-14506_110k.htm.txt,0.06379437,0.02154185,0.060226094,0.010810018,0.08170624,0.11935045,0.022855572,0.051728502,0.021690687,0.0941854,0.028226156,0.06939042,0.066934176,0.035122856,0.026314156,0.05394133,0.025917092,0.031203512,0.06135162,0.053709462
58492,2018,58492_000005849219000004_leg201810k.htm.txt,0.03843358,0.021894448,0.05828482,0.008807563,0.08166308,0.010110284,0.034482647,0.042243227,0.06667227,0.027062528,0.06818146,0.045103382,0.09385735,0.017045494,0.08107929,0.09306457,0.012210061,0.06989512,0.0869064,0.043002445
59255,2018,59255_000156459019007189_vhi-10k_20181231.htm.txt,0.042597495,0.012903629,0.06692677,0.012864798,0.09925429,0.021732384,0.03292545,0.01688558,0.050272103,0.09429123,0.016930467,0.02440831,0.069570914,0.056533832,0.1309292,0.05748008,0.014050857,0.05741987,0.05160944,0.07041329
59440,2018,59440_000005944019000004_a2018-10k.htm.txt,0.04922632,0.022502057,0.072893985,0.007418666,0.03156621,0.039673153,0.046390288,0.039231356,0.01730108,0.08579552,0.016764268,0.03290991,0.08151827,0.04592846,0.035380475,0.0849121,0.013331988,0.09470078,0.101245865,0.08130927
59478,2018,59478_000005947819000082_lly-20181231x10xk.htm.txt,0.02284641,0.014120654,0.05216716,0.02223157,0.047748573,0.1348193,0.036355276,0.046099234,0.020465363,0.088212505,0.027094573,0.023171065,0.059015814,0.070430465,0.08339143,0.0771675,0.024070188,0.025008744,0.0728688,0.052715357
59558,2018,59558_000005955819000010_lnc-20181231x10k.htm.txt,0.026242185,0.036474876,0.08983188,0.014994901,0.045223616,0.010288362,0.008134035,0.024654873,0.0061751422,0.08493616,0.033086896,0.0090412805,0.13400562,0.01549402,0.08009888,0.04602847,0.050102305,0.14870481,0.084337,0.052144665
60086,2018,60086_000119312519037854_d685868d10k.htm.txt,0.018361628,0.025405496,0.031299546,0.013251285,0.09229241,0.00978728,0.026331726,0.04743771,0.07539228,0.061455343,0.037222166,0.01146757,0.063963175,0.033517707,0.054193407,0.07661119,0.043842327,0.062496234,0.15087985,0.06479167
60519,2018,60519_000150433719000008_lpx1231201810k.htm.txt,0.018455938,0.029533379,0.09331977,0.010879776,0.06502584,0.009706433,0.039912757,0.032481633,0.08030141,0.05325326,0.055690546,0.007608189,0.12399414,0.028014388,0.0713633,0.0987175,0.016130742,0.04945301,0.07890966,0.037248302
60667,2018,60667_000006066719000042_form10k_02012019.htm.txt,0.03847544,0.030804,0.06606857,0.02929225,0.073361814,0.011284987,0.03955839,0.043985914,0.034745347,0.03154284,0.07227532,0.028664362,0.1302038,0.018261828,0.038502183,0.086554445,0.01497797,0.05030703,0.082580596,0.07855295
60714,2018,60714_000156459019004486_lxu-10k_20181231.htm.txt,0.065438315,0.022549327,0.039156515,0.011302939,0.07312473,0.01320806,0.028641915,0.033588365,0.118287675,0.076208524,0.037446138,0.043958146,0.049802974,0.025268303,0.03457359,0.079732865,0.017968116,0.04739437,0.12156638,0.06078274
61004,2018,61004_000156459019008815_lgl-10k_20181231.htm.txt,0.08061969,0.013072132,0.070826955,0.019696759,0.036815774,0.022899497,0.03413876,0.043535884,0.051747743,0.05443069,0.08925952,0.046768576,0.058901224,0.026333423,0.07535545,0.07000593,0.01243177,0.043532908,0.08189884,0.067728475
61398,2018,61398_000006139819000009_tell12311810-k.htm.txt,0.0467532,0.01731527,0.044167336,0.013746317,0.056654472,0.021894,0.03402577,0.042662904,0.1480631,0.13166232,0.01984389,0.028656684,0.049730945,0.028034529,0.036619153,0.016709305,0.0067119338,0.05056051,0.17029719,0.035891164
61986,2018,61986_000156459019002823_mtw-10k_20181231.htm.txt,0.034858003,0.023962025,0.0963294,0.010485708,0.10424355,0.01658609,0.025164107,0.03936026,0.049469464,0.036769774,0.05148063,0.025111146,0.09627059,0.023648212,0.09626726,0.04546507,0.021430835,0.051747456,0.09700727,0.05434315
